92 97
8 -30 -42 -14 74 -70 -4 -73 -21 90 52 -61 30 99 -34 -23 18 -15 -24 -7 -92 -72 -14 -69 43 -39 85 -80 -88 -36 -61 69 39 -19 -90 -57 -75 -94 -63 30 -93 -91 18 -7 100 90 -58 61 41 -30 -45 -40 43 40 -32 -27 -41 -39 -63 -24 51 -98 96 -72 82 87 10 -31 69 38 -94 -15 -13 -37 38 0 -7 0 -17 78 -30 -73 -37 -70 -94 -51 -95 98 -30 88 -6 12 60 84
43 43
37 73
86 88
24 33
77 88
76 77
7 88
35 89
2 30
38 58
92 92
5 82
88 88
49 72
17 49
25 86
24 76
90 90
8 22
19 81
43 48
7 7
29 50
35 87
70 72
52 58
84 89
22 74
32 58
8 55
92 92
91 92
30 82
66 83
22 49
23 32
88 89
88 91
66 67
65 69
70 73
32 36
50 65
77 83
37 37
10 12
91 92
32 49
85 85
65 77
85 86
57 62
30 65
23 46
44 80
25 53
3 64
17 24
35 44
57 86
60 87
77 81
56 67
64 77
62 82
78 84
54 72
57 62
2 70
16 68
11 53
38 63
69 83
40 73
27 28
59 89
75 86
8 59
24 70
72 84
70 76
28 54
81 84
36 75
50 58
75 90
19 42
12 55
61 92
75 75
48 75
84 91
56 71
37 79
52 64
47 56

