94 97
82 33 -25 97 4 38 -94 -66 5 13 -14 -68 -79 6 -22 59 39 5 -11 -23 30 -51 57 2 12 -44 -55 -16 46 -91 84 -84 52 31 -99 19 -95 -32 2 -14 -60 29 80 -33 22 5 -95 29 63 -17 -53 48 -84 -68 31 -83 -38 7 -27 -30 -92 -64 -3 67 93 60 -30 34 -72 65 -65 53 -23 52 -33 93 -44 83 91 -16 91 -67 19 -88 -78 -64 -41 -60 1 93 57 60 99 -73 74 90
43 93
32 79
92 92
46 86
16 28
39 62
17 81
51 77
3 4
39 65
91 91
25 31
32 37
85 88
25 94
63 63
12 61
62 79
48 59
88 89
83 84
77 83
50 51
75 86
64 79
45 92
42 92
22 52
51 85
18 73
76 86
57 81
31 46
56 59
76 77
94 94
85 87
73 87
26 36
89 92
31 93
70 80
93 93
4 41
43 54
16 39
94 94
91 91
9 23
40 41
25 33
43 56
60 80
61 94
2 82
71 90
44 57
89 93
82 93
27 64
92 93
11 71
28 46
37 89
62 72
6 81
66 91
48 92
69 72
58 84
51 87
52 56
34 39
56 57
58 74
56 59
9 45
14 41
62 83
61 77
6 54
2 77
48 91
69 87
52 83
32 88
34 35
25 54
14 93
25 61
5 16
40 78
71 88
43 77
91 91
13 32

