910 921
28 -53 46 18 40 77 -71 11 -52 21 -97 -52 -65 -30 -70 61 -78 95 63 10 71 -21 -38 19 -71 69 10 30 83 47 21 4 86 -82 33 89 -56 -70 -21 25 -89 73 77 39 -78 69 39 76 6 87 31 42 29 67 -74 -57 65 -100 63 -100 -47 95 83 18 -65 -24 37 6 92 -48 50 78 32 74 -84 55 -80 4 47 16 11 59 -100 25 82 94 -91 -7 -85 -27 45 -36 57 42 44 59 94 -10 -51 41 -66 23 -22 -41 69 78 79 77 -52 -18 62 62 0 -1 55 96 52 -55 23 -87 -71 88 -77 96 -79 74 48 -98 -3 -41 -56 -70 -4 27 -34 -64 54 -16 23 -64 -54 14 -32 -16 21 94 85 98 21 -12 81 3 -76 93 36 86 57 56 23 11 3 -40 -69 62 -74 38 -23 -72 -46 -91 85 -33 53 -88 -51 2 14 -4 68 61 -26 92 -53 -62 52 5 85 -77 -46 -12 -5 7 72 -58 -88 -54 68 65 -63 -100 1 81 -26 54 39 -87 -34 -14 -9 -9 33 -41 -8 -51 44 -20 75 45 -97 78 -87 49 77 -83 -100 -83 -65 -56 -96 9 91 51 -10 -9 -78 35 -12 81 46 72 -51 22 -57 35 -18 55 52 63 42 -28 -68 21 55 -74 -48 -79 -99 -43 46 -53 -7 15 41 76 85 -9 -78 11 -5 61 -77 -56 -30 14 -5 -57 -35 29 34 54 44 85 87 -79 -37 21 -98 -25 80 92 6 -99 -44 92 -4 79 -49 2 70 -99 -6 -38 18 75 87 99 -76 51 54 -93 31 -5 84 42 -75 -99 -48 6 74 -81 -5 -90 -94 49 -79 -80 -13 80 -55 -94 58 -40 -71 54 -58 84 -98 10 90 -9 -99 -16 -27 24 -88 -5 -35 -100 -30 24 -65 91 -34 -77 31 -85 -96 -39 93 37 89 65 -9 65 -92 -56 -18 -90 -12 62 10 -88 -86 46 81 28 -84 51 -40 52 90 43 85 -22 39 26 -21 -15 72 97 -76 44 -93 -66 87 88 66 46 9 -30 89 -87 -33 28 -98 99 -2 -29 25 67 39 -88 -73 -80 -37 70 -28 -35 -91 -43 -83 0 -11 30 22 -52 -98 -63 28 59 70 -16 -85 -93 87 38 -61 91 -83 43 58 88 83 -44 98 87 100 -58 62 75 -43 -37 -55 -25 -30 -34 -18 -50 -44 16 23 95 -9 21 -97 37 -5 17 -65 18 -6 -8 93 -45 27 -44 73 38 -18 -73 68 48 76 -94 85 40 -28 38 5 1 -88 4 -16 -51 -66 -86 93 5 33 5 -43 36 -20 77 99 -1 -71 22 -41 -57 71 97 91 -95 89 -78 -43 -100 76 -19 -96 -94 5 11 51 52 56 83 74 95 -28 82 -99 -38 90 -50 58 -60 -84 82 3 -48 78 -61 -14 -15 -12 -2 15 33 -76 -30 61 73 72 -62 -82 22 -29 -38 -80 -46 78 -24 71 -44 57 53 55 -20 18 45 33 66 85 33 -49 59 3 -36 2 40 91 88 -85 -75 -1 -87 17 48 80 72 -23 -98 34 17 -60 -94 58 -23 5 -20 42 -48 19 51 91 -100 -24 -81 97 -70 -41 -56 -92 28 84 -79 79 51 56 -47 27 -87 46 -66 4 -99 26 -96 -58 -16 -55 74 77 -79 -20 -39 -89 -47 -51 82 29 51 -19 -47 31 8 -99 36 -61 89 95 10 -7 -83 20 99 56 -36 -17 87 -81 -5 -59 -60 88 -39 -29 15 44 85 99 -39 45 24 71 -44 35 -85 -59 67 -70 -64 72 -17 -72 95 -68 -19 66 85 32 75 30 56 -79 45 -98 12 67 91 54 44 -76 -46 -28 13 -37 72 -54 -53 13 51 48 48 62 -6 77 -11 -48 -80 4 73 93 -18 -13 15 -10 91 29 -24 81 -66 28 -31 -67 -22 -91 -60 91 -74 33 55 -56 -57 -49 -49 -93 -64 45 -35 -55 62 75 47 -17 15 -77 -67 12 85 -88 -60 56 84 63 87 -33 56 32 -9 31 22 -58 48 -3 30 93 -89 64 -72 -34 26 -92 -83 -39 35 61 91 31 13 30 -100 -69 21 -100 19 -35 -15 66 -20 71 34 41 -41 -52 21 58 70 -10 -4 35 24 -86 57 8 -2 98 -53 -33 63 -83 -51 -95 86 -85 93 -26 37 -6 47 67 -71 90 -7 72 -51 -59 -34 71 -48 75 -17 -71 17 -55 -3 17 91 -54 -13 44 67 84 100 -87 -48 16 26 -13 7 21 100 -61 39 -99 31 55 89 -71 89 -64 61 15 -100 61 -55 73 84 29 81 71 63 -82 15 38 -13 19 -11 86 87 44 -33 -19 -65 -38 -99 84 -68 -62 99 -6 97 77 -14 -14 -54 -57 -17 716 784
33 316
345 441
341 521
495 550
209 464
349 588
252 707
595 786
145 868
384 392
150 267
846 859
834 858
843 888
48 612
68 734
699 813
855 855
101 214
201 857
500 888
484 603
836 887
825 886
653 710
804 852
551 815
379 556
778 809
45 344
60 121
899 904
752 803
889 906
521 602
84 676
234 642
607 854
622 881
522 750
152 761
777 854
564 594
543 840
187 376
830 870
365 727
6 276
667 904
360 428
487 588
904 909
234 859
309 766
677 884
859 876
599 671
81 109
719 905
623 683
427 831
282 910
623 787
235 320
300 358
684 846
355 389
313 403
412 431
245 295
822 837
686 742
204 565
864 909
8 882
881 888
643 910
202 321
553 874
355 554
227 446
847 888
314 751
9 292
255 865
616 872
663 673
393 693
621 848
661 790
452 520
571 900
558 703
298 643
93 869
399 476
76 242
859 873
594 681
707 738
702 760
639 843
77 400
564 823
336 777
357 650
590 653
101 554
123 128
54 273
364 646
888 896
426 892
906 906
147 639
889 903
698 721
197 266
555 679
65 438
384 743
440 843
577 617
843 898
874 907
383 432
881 907
124 492
124 378
44 359
210 839
99 241
666 838
34 135
528 726
863 880
48 460
461 803
570 891
256 511
904 907
251 464
475 797
541 558
892 902
593 691
53 320
326 471
633 855
499 742
405 669
573 735
883 886
152 330
124 684
726 867
376 512
646 802
794 855
464 727
779 811
303 884
93 356
819 826
428 606
56 183
640 663
186 491
135 224
261 727
493 604
285 779
52 483
495 756
378 855
422 660
699 757
354 633
21 855
249 254
200 742
584 833
252 568
359 542
21 189
7 874
608 801
905 907
736 800
222 249
240 692
284 492
726 839
201 768
820 825
838 904
83 536
300 337
556 638
414 882
149 346
371 905
562 726
584 606
630 868
734 792
372 480
532 636
525 885
789 899
242 905
305 347
348 393
461 885
605 853
223 224
220 739
1 604
371 874
650 735
721 895
109 814
693 902
11 646
306 829
247 462
87 603
119 194
46 347
686 696
201 340
905 907
599 821
142 727
696 839
605 699
75 87
443 705
255 837
457 532
376 758
170 252
611 804
546 747
829 877
559 767
652 704
320 409
636 825
762 803
546 556
763 801
91 733
203 735
197 538
111 367
908 908
645 791
222 552
710 891
94 597
91 368
465 686
373 540
637 873
475 902
546 663
405 708
830 894
191 295
351 392
103 147
206 328
729 757
78 550
697 823
118 874
418 545
647 756
267 664
604 682
222 366
838 907
884 892
811 894
651 657
827 872
675 716
725 843
663 828
435 591
116 880
205 245
667 756
578 802
830 835
515 583
681 727
67 806
486 620
412 564
494 572
730 806
330 657
54 137
182 456
390 395
260 492
437 890
868 884
571 710
241 546
313 323
862 878
799 875
653 843
754 756
858 898
485 848
809 849
309 570
430 826
521 766
202 767
566 801
324 509
724 821
259 408
691 798
674 705
610 827
76 107
378 415
239 884
645 789
336 375
860 869
743 763
1 448
56 746
696 795
796 820
167 552
461 724
325 881
407 461
627 834
69 840
48 643
669 904
423 525
728 733
2 751
350 882
31 777
799 862
133 471
389 782
599 908
242 583
249 377
290 298
50 153
108 178
87 136
401 412
743 887
726 769
684 749
701 870
264 449
223 672
119 342
592 786
543 824
716 745
207 647
218 308
252 497
506 769
56 318
13 595
180 421
729 895
270 633
4 767
408 870
750 838
96 805
410 447
612 663
97 902
101 385
391 398
727 827
483 857
753 901
271 533
861 876
83 471
362 893
645 839
813 885
138 798
241 341
658 889
447 748
423 800
785 837
202 214
519 738
50 477
189 821
576 786
602 857
633 858
137 338
581 660
594 719
650 724
399 444
9 319
736 865
882 890
742 876
731 773
520 754
847 901
649 680
341 410
182 207
388 618
475 573
170 690
141 422
498 506
870 872
624 757
415 745
351 549
442 569
293 765
415 605
421 886
411 521
54 687
495 822
740 804
227 903
552 631
113 181
330 713
545 777
106 125
551 560
406 849
172 704
204 704
281 390
642 715
768 853
394 779
796 885
550 822
783 785
608 619
458 873
164 206
261 360
899 899
505 520
733 810
597 697
472 884
34 431
344 883
28 454
376 473
729 900
541 743
835 859
551 776
754 877
705 724
674 762
775 816
896 908
287 668
852 898
348 397
743 892
591 692
114 680
232 555
546 708
18 495
345 625
651 897
223 788
296 734
604 699
147 629
389 788
609 707
616 646
14 512
559 697
480 732
743 816
374 669
87 484
709 836
570 587
852 899
145 432
176 814
413 479
402 451
586 885
656 693
670 750
150 180
804 888
510 901
419 861
443 462
732 782
430 682
684 732
366 374
514 682
1 637
744 779
472 788
520 672
161 811
85 470
754 793
488 597
507 910
264 494
354 681
207 402
628 827
144 286
722 745
669 729
423 448
501 909
616 619
777 841
203 751
308 709
112 191
475 871
674 798
273 762
193 822
468 655
341 759
344 681
404 809
351 730
224 619
271 783
685 812
611 870
624 721
448 658
397 535
403 750
356 693
46 194
123 537
226 487
402 442
46 297
890 910
882 903
697 827
662 908
586 882
381 837
299 642
74 712
544 874
602 878
821 888
426 712
696 724
837 873
728 868
562 613
533 878
818 874
688 744
864 869
340 793
618 711
302 762
422 467
624 790
354 531
906 907
880 904
663 704
82 245
857 894
403 848
578 760
256 800
250 588
583 609
451 483
112 762
60 276
670 694
468 604
325 808
153 581
753 856
500 540
483 497
496 716
319 557
87 242
69 270
291 896
438 893
127 235
890 905
476 544
125 844
805 908
17 131
282 497
400 629
433 464
788 850
657 725
199 739
419 775
529 620
265 787
131 908
498 538
746 864
347 667
839 840
640 776
738 900
397 802
857 876
808 861
676 746
379 725
841 856
671 752
237 631
732 842
628 857
882 891
528 906
280 738
604 756
638 754
718 903
169 613
141 326
167 178
777 820
804 859
731 731
541 769
235 661
699 771
833 902
334 799
700 815
652 720
329 584
225 442
106 700
231 365
712 865
191 419
540 645
713 767
475 598
532 605
693 883
621 812
137 228
173 341
775 802
858 894
544 631
370 485
812 903
278 502
600 772
749 812
430 743
47 774
815 856
475 759
436 659
682 852
652 859
579 793
155 713
317 506
846 896
244 420
874 888
130 169
619 881
257 351
376 598
671 854
483 559
112 354
182 417
339 848
254 339
189 844
881 892
12 279
85 239
650 715
86 215
163 580
317 762
793 824
31 251
44 607
290 853
491 493
204 260
881 884
474 591
87 167
770 844
906 909
625 775
715 818
284 522
651 716
301 326
108 340
883 884
76 747
573 812
230 317
848 858
355 831
430 458
198 648
724 891
199 314
187 369
643 650
249 305
178 676
853 866
286 296
185 828
289 411
217 305
830 857
628 643
13 447
452 886
560 582
240 896
443 671
10 435
324 907
121 817
765 834
487 724
759 799
441 803
341 444
655 900
44 281
201 614
273 432
393 633
737 798
125 751
698 714
442 610
13 453
865 871
263 634
489 530
519 735
355 726
775 799
655 899
805 848
112 520
726 832
120 556
47 50
647 796
240 901
294 485
253 678
546 673
771 889
790 824
145 256
18 477
163 303
635 836
24 680
161 704
150 745
108 548
121 200
770 837
372 689
765 872
508 644
461 757
361 388
895 899
442 709
152 264
649 891
551 668
652 781
200 791
25 47
720 776
370 792
753 873
280 627
675 837
802 868
642 851
113 516
80 139
820 828
123 527
522 891
743 883
510 881
774 886
375 431
837 884
41 876
640 661
306 815
552 632
121 666
683 808
810 865
39 908
704 820
566 888
75 631
165 701
242 788
897 898
314 757
725 844
778 906
3 615
583 794
581 704
33 327
3 884
199 246
349 604
705 856
102 213
697 894
2 818
572 783
104 331
439 759
433 830
14 119
344 741
393 545
311 584
309 726
659 745
740 908
60 344
702 737
26 110
193 550
710 800
854 874
700 795
415 799
46 128
323 908
595 757
670 792
667 846
836 874
271 624
613 616
171 330
220 302
304 337
211 339
808 899
537 698
824 891
720 842
360 571
773 838
33 317
198 691

