996 951
26 -9 -72 -99 -59 49 51 -42 -82 -70 -26 -64 92 53 56 -90 18 91 -91 -94 -53 -41 -14 23 85 -94 -51 91 11 31 -35 -52 67 69 48 -23 1 30 -51 79 -59 55 -55 -46 53 -40 -81 -47 -69 -65 78 -12 82 -74 -48 -77 -30 60 95 36 -88 77 70 -16 -85 86 73 -15 14 30 -74 71 69 -58 -25 -36 27 -41 65 -12 -76 46 63 -35 99 -25 -42 83 -11 89 -89 -79 60 72 18 53 57 -45 31 -76 57 6 43 94 -50 -28 -15 84 82 42 -70 -18 -94 88 -21 -48 -20 96 -28 89 -78 -19 -68 97 58 7 -37 14 -97 -100 62 54 38 -63 22 10 1 23 89 -23 94 84 64 39 -48 64 -4 -57 -72 -55 40 -95 -38 -45 -34 4 -9 86 99 31 -91 -62 -55 -15 61 3 -21 53 -19 -71 73 23 -90 -89 -48 56 -69 -42 22 -18 -48 93 96 38 100 69 -57 19 -94 83 -89 5 -48 -96 68 -27 53 -2 41 30 57 33 51 -87 86 -43 -32 63 36 -90 -93 10 -14 -96 81 98 -65 31 47 -39 -53 -53 97 -35 92 14 -64 -70 -56 66 -67 -23 41 49 -2 -46 -91 34 18 -33 -72 63 64 35 72 10 -52 -10 0 -26 32 58 -6 -24 73 -45 -72 33 -2 24 84 14 47 38 8 52 46 -14 17 -88 68 -18 -35 -95 -93 -13 14 76 -36 -26 87 -91 -29 -85 95 50 -78 -24 -82 -24 49 -73 -90 -93 40 -16 23 -24 -97 -86 75 91 80 -50 -32 92 -9 -45 68 39 -14 10 -56 26 -96 62 87 63 -14 67 85 -68 77 19 -37 0 -93 26 63 76 93 36 -14 -75 -98 -57 55 -37 5 78 -18 -32 27 85 -13 97 -15 17 42 -69 -53 16 9 45 -32 60 75 -76 37 -57 -2 -85 -7 -89 -27 13 97 -2 -14 -91 -51 23 -8 -81 47 -80 62 84 -44 -71 -49 21 -68 -70 27 90 -77 -24 1 89 60 -1 -56 -52 -91 76 90 -51 -32 -95 23 75 -97 -28 -41 66 -85 -51 89 -95 51 19 -18 -64 66 10 39 7 47 -96 35 3 -34 41 -43 67 -75 -24 14 -13 1 -100 -98 18 -2 45 19 -77 73 -7 -50 99 87 29 -39 88 -86 -54 -28 -88 10 -68 -43 -9 38 -4 -30 73 36 -40 32 -75 95 69 45 -46 31 -64 31 57 39 -80 96 90 33 -54 -15 37 -45 -94 -78 -100 -10 84 4 -35 38 58 67 97 65 -66 8 0 -49 -17 12 -6 6 -73 81 83 23 100 25 95 -47 86 16 70 72 63 -21 -93 85 -80 -51 -49 -62 -74 -90 58 -98 -49 31 97 78 15 80 -88 59 5 86 -12 99 -31 65 -73 66 -100 -45 56 29 -90 29 -90 -86 97 -69 1 -32 -16 -80 -87 -80 39 91 63 -94 -60 -65 99 81 -65 -91 -86 -35 66 -28 100 -53 39 15 94 -61 51 1 -100 95 76 14 60 39 -60 -88 22 -34 -88 32 43 54 -57 4 -79 -32 -18 -35 -41 -89 -22 0 95 82 15 -61 -99 47 -20 -43 -2 -100 30 69 -84 60 -24 22 -66 16 -91 -95 56 69 -77 -97 -24 -38 57 27 -16 -25 -3 55 -77 -17 -78 -43 13 -95 16 -31 -23 -37 98 -92 -30 31 51 -15 51 30 -23 68 -4 87 10 -5 98 79 -87 28 -28 -53 0 -38 -8 -61 97 -70 88 -100 -96 -74 7 -39 79 57 -57 -93 -70 -74 -11 53 -18 59 -72 27 61 -48 -17 95 1 -49 27 -15 -70 -93 35 18 52 -65 85 -59 45 2 79 96 -5 -66 -8 -25 93 61 -88 29 -53 29 94 62 -3 81 24 -97 -15 34 -48 -18 2 0 -99 49 -65 56 -61 75 95 -16 -32 -82 52 -41 95 -75 -53 21 -66 22 88 29 -9 -94 52 57 -8 48 98 -96 38 25 -7 86 -31 -65 -36 70 42 78 -30 70 -20 -93 -55 14 -50 -18 -51 -13 70 -69 42 72 -100 78 88 -7 86 24 13 -62 32 -56 86 43 39 -71 61 -71 -67 36 77 74 -67 -59 -67 -35 59 -70 -85 1 61 -48 -20 -80 -81 -91 -57 83 -71 64 90 13 25 17 96 -17 79 17 -20 -9 65 25 -14 -70 -39 -36 29 -72 16 -11 45 23 92 14 90 -24 80 11 94 -56 24 -50 84 88 48 59 26 0 -41 99 -85 48 -93 8 -81 -38 65 -65 -42 -32 -14 52 -72 -81 32 55 -35 52 8 15 -38 -85 -17 -98 -22 56 -53 62 -91 -69 98 59 59 40 68 34 -18 2 15 9 -47 -15 -13 62 -34 -23 -85 41 75 22 65 48 -7 78 21 -38 -29 5 -24 40 66 98 71 -84 42 36 -29 -42 80 -24 -87 88 55 -58 -4 83 -94 24 -100 -39 83 -81 31 58 99 97 70 60 -69 9 91 -91 38 80 65 6 -19 34 27 -13 2 -77 70 59 44 46 50 -76 60 17 -71 -5 -4 28 86 -43 69 -81 -31 20 -91 48 -6 53 -43 78 -90 100 -78 -38 -69 14 -41 -99 42 99 -45 585 918
97 654
289 361
951 972
765 823
81 754
241 571
930 932
372 974
25 27
370 515
954 979
789 971
626 675
70 965
96 770
511 635
806 882
920 922
124 431
329 938
307 484
369 616
44 800
327 793
429 618
779 892
700 838
702 858
497 830
567 573
385 894
888 986
340 940
555 942
323 884
789 905
629 855
176 343
777 869
941 954
286 320
211 510
971 990
8 76
17 526
943 963
43 66
365 981
263 433
760 873
320 815
112 380
281 941
381 989
76 191
47 865
514 579
298 397
281 629
60 953
424 730
598 844
371 469
840 899
561 879
35 235
175 786
865 941
672 776
520 621
239 719
615 820
492 613
2 697
363 638
773 890
452 931
358 574
798 858
681 725
636 752
188 453
444 838
497 679
922 927
965 992
843 952
433 582
184 395
906 942
521 809
734 919
683 875
156 914
322 989
856 856
545 545
262 497
125 590
762 992
850 939
600 827
478 931
292 781
275 877
93 804
715 884
141 243
665 853
24 237
610 699
228 361
949 956
766 851
452 719
105 181
950 977
403 868
512 908
919 965
685 740
991 992
505 868
92 468
392 940
262 681
398 977
155 221
923 983
186 670
863 911
486 595
714 944
416 444
131 369
52 411
636 679
328 508
841 897
509 874
72 519
334 663
447 560
73 142
819 913
277 892
288 526
990 995
710 749
675 938
20 92
502 541
902 968
178 454
471 548
116 370
187 266
717 870
360 415
233 822
387 483
144 763
431 922
53 386
345 929
757 896
920 921
917 973
667 776
655 657
334 442
566 845
688 811
377 480
755 924
590 890
183 983
909 924
959 964
890 991
213 493
827 858
340 405
70 77
72 321
747 905
727 892
227 551
918 957
880 996
242 386
11 397
146 676
70 817
520 752
963 969
30 345
967 975
105 836
499 693
627 794
576 708
381 835
48 605
77 186
272 954
103 732
803 903
450 807
308 437
665 944
862 979
708 840
435 461
695 808
624 904
883 912
192 547
896 916
649 914
319 468
496 742
991 993
280 462
867 996
207 522
377 662
669 935
140 587
274 553
842 849
941 980
164 549
333 634
198 601
656 987
989 991
250 288
86 846
815 956
515 541
94 303
212 742
893 941
393 850
757 990
486 525
647 976
981 981
303 352
54 806
342 414
837 951
106 590
142 648
880 901
336 525
611 891
459 890
215 587
926 990
99 597
948 969
708 778
344 623
126 653
712 774
773 810
130 747
615 748
956 956
680 786
227 323
548 722
440 840
285 535
494 504
569 694
420 601
454 739
371 926
472 934
12 611
210 495
583 752
428 937
704 897
133 731
393 713
778 878
598 615
617 797
870 883
47 610
212 859
577 897
991 991
908 949
263 482
512 519
710 931
189 772
174 931
159 212
170 971
601 780
821 878
572 799
239 860
371 753
623 694
324 967
906 948
461 665
457 958
952 993
670 689
954 974
622 984
933 996
502 526
821 894
140 262
620 698
611 975
440 530
914 966
781 905
262 545
671 789
726 871
579 649
373 983
219 432
124 518
300 924
724 854
77 843
995 996
679 707
160 343
404 553
951 984
551 750
455 621
854 910
489 641
588 830
604 767
112 671
51 256
621 859
255 549
46 224
813 883
462 499
21 844
250 423
767 850
557 708
573 813
739 772
716 940
147 666
602 914
419 476
322 483
557 751
739 773
478 833
294 364
891 979
451 883
491 682
873 931
90 464
287 415
151 835
814 815
334 806
177 798
8 55
526 950
240 451
237 719
146 434
549 730
929 983
363 617
90 607
802 930
984 991
452 844
486 946
971 994
651 911
85 360
613 825
808 968
575 650
170 833
8 524
718 826
760 952
18 666
115 374
495 605
155 584
490 795
792 959
571 993
384 480
413 842
818 939
679 898
626 859
53 920
16 631
49 580
22 503
382 890
179 462
624 958
771 785
455 990
38 352
646 893
345 920
123 754
747 860
940 965
668 961
123 677
847 899
955 993
536 989
166 292
62 772
118 520
288 499
744 968
533 805
741 859
806 944
535 953
161 177
734 835
101 648
839 920
3 644
226 615
883 985
12 300
334 462
489 959
206 953
590 951
324 743
590 634
589 748
348 914
406 776
247 980
547 941
220 765
200 920
247 307
394 827
627 654
266 507
242 859
630 638
919 943
49 650
54 568
809 969
266 706
897 973
527 975
181 888
725 744
821 887
699 712
322 826
147 709
707 875
427 976
909 979
737 982
418 918
165 618
737 877
904 955
115 322
540 671
229 993
504 646
235 737
394 467
636 871
849 924
325 535
885 915
184 597
940 984
936 994
897 934
157 386
28 866
224 756
152 970
70 607
969 985
922 958
399 700
408 569
871 938
735 851
541 842
101 202
317 634
761 833
879 985
163 444
68 718
479 907
639 920
855 887
317 437
491 641
51 994
200 967
149 342
459 914
276 952
281 982
820 847
48 615
247 551
342 888
668 693
393 977
845 888
552 766
173 262
428 476
917 945
714 763
121 845
982 994
17 100
871 995
205 979
648 782
684 995
923 931
266 398
809 851
35 771
883 941
862 926
728 970
629 958
39 84
517 911
578 735
206 788
785 853
651 866
641 966
497 605
829 906
34 947
973 974
483 737
690 901
578 913
167 855
871 932
973 987
20 808
921 942
940 940
361 478
18 675
406 965
601 897
396 834
578 873
497 933
225 578
949 991
878 951
864 881
968 971
286 395
108 626
539 796
72 490
4 978
928 978
585 683
642 915
733 776
391 447
800 962
623 821
653 766
410 760
315 364
446 732
708 756
405 454
329 863
567 729
425 755
120 926
37 98
115 801
105 796
835 962
678 852
709 897
334 959
967 990
514 866
185 254
913 926
487 541
749 754
617 743
110 339
582 788
536 729
496 838
536 748
112 300
970 994
83 757
49 578
393 907
864 908
828 848
63 359
655 970
3 484
712 772
242 495
327 693
805 868
64 377
29 857
334 436
915 927
406 834
712 890
344 972
57 95
524 671
728 928
344 869
551 676
121 222
583 622
717 721
755 976
919 929
539 644
350 865
316 446
718 805
89 662
20 873
127 817
70 119
551 573
475 853
824 843
285 580
501 870
981 988
393 533
169 367
22 331
326 735
298 872
914 938
861 881
812 826
751 958
564 879
47 913
981 983
74 218
815 957
639 911
343 822
107 313
37 588
177 918
112 864
923 929
185 740
943 990
273 495
263 651
574 932
6 656
498 770
157 327
671 758
311 834
428 886
153 471
196 335
152 809
717 959
304 334
347 705
975 980
601 724
919 936
9 296
171 627
225 261
45 537
130 728
633 634
748 789
554 869
857 979
344 524
401 727
92 290
889 923
865 923
308 505
150 241
401 461
206 391
559 880
581 904
595 990
381 521
428 879
574 667
668 971
525 928
141 728
234 545
840 976
245 472
621 930
584 674
378 772
510 790
158 987
576 990
941 957
341 823
465 626
862 887
11 772
594 986
548 741
149 497
521 634
944 972
30 983
778 859
660 731
381 473
551 853
508 916
423 878
102 551
451 679
992 992
672 730
588 827
687 785
683 803
613 616
496 716
870 970
85 753
405 525
474 874
300 778
200 505
890 935
521 634
984 990
727 870
897 924
443 535
974 996
875 984
529 712
129 792
433 647
345 487
383 705
291 942
834 993
177 656
416 642
944 968
661 864
440 763
532 587
10 253
12 43
835 965
801 951
226 242
109 879
319 892
273 737
992 992
487 495
468 629
910 910
275 656
667 977
85 235
463 974
389 614
712 911
379 902
762 890
838 878
864 936
766 990
303 650
199 350
444 683
134 667
385 485
517 715
760 924
668 828
359 748
383 437
393 915
750 894
972 978
253 379
474 936
500 834
10 501
753 855
81 557
932 939
283 764
842 890
609 891
595 718
141 728
90 537
158 815
658 668
484 831
20 225
265 943
599 814
106 118
336 848
800 838
927 947
697 844
373 939
457 972
261 425
175 330
244 452
947 996
32 270
161 450
327 764
364 803
427 806
948 973
699 992
899 981
898 931
161 390
570 972
25 825
987 989
568 752
222 927
313 969
951 959
422 621
385 517
434 703
924 975
142 608
592 815
318 477
572 916
31 569
478 877
470 653
852 854
412 442
992 993
655 759
166 292
866 961
435 675
304 335
115 639
388 569
242 857
760 915
154 415
447 750
289 337
214 991
708 849
476 493
666 696
669 972
102 131
464 869
191 237
476 970
20 796
637 819
329 395
735 896
680 750
751 752
476 622
584 733
535 830
283 914
682 962
118 393
922 926
389 898
211 830
50 655
358 679
704 880
263 769
87 768
868 896

