1000 1000 9 5026104 9 7469275
1 1
66 77
89 175
131 246
156 328
201 417
290 505
353 596
389 645
411 685
473 748
571 797
663 866
720 904
782 909
861 967
955 972
1023 988
1066 1069
1107 1097
1186 1162
1234 1204
1314 1219
1375 1242
1455 1285
1528 1346
1595 1386
1640 1390
1643 1423
1734 1475
1820 1571
1883 1642
1966 1678
2034 1775
2123 1875
2155 1906
2186 2001
2214 2075
2283 2088
2340 2185
2366 2186
2416 2268
2508 2333
2608 2353
2631 2423
2720 2466
2790 2502
2821 2585
2827 2674
2924 2766
3019 2771
3055 2827
3126 2884
3161 2897
3208 2932
3256 2955
3356 3045
3395 3083
3447 3111
3475 3128
3523 3202
3524 3231
3553 3293
3627 3370
3714 3414
3721 3506
3773 3511
3807 3568
3813 3630
3824 3716
3860 3782
3942 3812
4028 3907
4108 3996
4162 4043
4250 4103
4318 4198
4372 4200
4423 4291
4456 4378
4543 4454
4624 4472
4721 4480
4745 4530
4760 4594
4838 4612
4938 4707
4961 4752
4968 4847
4977 4926
4978 5015
5047 5079
5075 5131
5160 5174
5176 5185
5249 5278
5342 5295
5350 5301
5394 5396
5430 5471
5476 5564
5527 5659
5579 5697
5602 5767
5634 5812
5721 5896
5773 5927
5851 6026
5912 6097
6009 6126
6052 6163
6109 6179
6113 6274
6176 6291
6242 6331
6274 6335
6283 6388
6348 6447
6447 6477
6465 6526
6525 6581
6612 6618
6680 6713
6687 6776
6721 6860
6797 6911
6805 6969
6821 7011
6850 7024
6900 7071
6984 7163
7002 7232
7086 7246
7097 7267
7106 7351
7115 7427
7149 7456
7151 7462
7218 7551
7298 7645
7336 7717
7355 7811
7445 7898
7482 7957
7563 7971
7655 8053
7701 8135
7737 8203
7757 8290
7805 8316
7855 8337
7862 8410
7869 8414
7961 8500
8014 8537
8059 8540
8145 8565
8185 8626
8195 8721
8255 8784
8312 8879
8384 8938
8392 9020
8461 9022
8558 9059
8576 9097
8673 9158
8711 9202
8810 9251
8850 9275
8934 9348
8960 9359
9023 9379
9108 9471
9197 9495
9292 9532
9388 9628
9403 9653
9494 9737
9527 9837
9573 9838
9590 9902
9613 9933
9626 9953
9703 10022
9711 10082
9737 10179
9755 10218
9841 10244
9922 10260
10017 10338
10086 10406
10094 10418
10151 10516
10214 10546
10278 10590
10369 10653
10396 10714
10414 10803
10421 10821
10441 10854
10448 10922
10513 10943
10566 10969
10623 10970
10716 11032
10800 11076
10863 11085
10911 11089
10962 11090
10988 11116
11040 11136
11089 11164
11121 11198
11149 11252
11219 11294
11276 11374
11351 11443
11368 11446
11419 11447
11507 11469
11594 11526
11681 11562
11724 11599
11824 11619
11916 11644
11940 11743
12007 11777
12097 11871
12108 11962
12127 12029
12188 12082
12248 12136
12333 12210
12419 12285
12481 12304
12572 12373
12608 12427
12698 12433
12726 12482
12727 12505
12814 12588
12875 12616
12931 12624
13000 12628
13074 12646
13139 12688
13196 12692
13204 12789
13208 12853
13235 12949
13284 12963
13375 12977
13378 13065
13464 13101
13465 13106
13547 13126
13568 13179
13571 13191
13639 13248
13715 13252
13780 13256
13847 13275
13893 13375
13957 13474
14004 13481
14080 13530
14121 13601
14195 13624
14248 13706
14343 13746
14395 13812
14481 13829
14550 13899
14610 13936
14693 13955
14755 14011
14837 14108
14888 14158
14911 14170
15000 14193
15035 14217
15121 14294
15210 14334
15232 14376
15318 14470
15373 14492
15380 14588
15451 14593
15480 14663
15490 14710
15525 14720
15549 14759
15638 14831
15658 14904
15746 14984
15772 14995
15831 15088
15884 15111
15973 15210
16031 15242
16115 15301
16172 15335
16215 15373
16314 15380
16400 15422
16490 15426
16554 15449
16617 15496
16648 15547
16668 15630
16687 15678
16745 15748
16836 15749
16906 15848
16990 15891
17059 15925
17065 15934
17143 15960
17178 16024
17226 16028
17229 16108
17253 16187
17297 16216
17372 16275
17390 16307
17430 16404
17447 16435
17501 16456
17524 16529
17539 16588
17563 16607
17658 16614
17734 16688
17754 16756
17822 16804
17884 16808
17950 16828
17953 16871
18008 16872
18064 16895
18114 16978
18132 17038
18191 17087
18288 17136
18367 17214
18396 17291
18467 17297
18488 17397
18494 17457
18588 17463
18606 17547
18663 17608
18701 17657
18793 17685
18889 17743
18963 17778
18992 17802
19052 17888
19104 17902
19112 17971
19194 18052
19266 18074
19276 18075
19347 18088
19383 18145
19472 18209
19505 18215
19515 18305
19577 18341
19658 18350
19730 18365
19731 18414
19778 18501
19826 18539
19864 18580
19931 18651
20006 18675
20061 18705
20121 18797
20151 18824
20215 18904
20279 18905
20282 19004
20331 19091
20352 19128
20374 19217
20415 19292
20436 19322
20535 19407
20557 19443
20562 19454
20648 19480
20675 19542
20721 19622
20787 19681
20850 19693
20915 19772
21012 19820
21070 19831
21099 19846
21113 19909
21128 20004
21196 20102
21213 20123
21219 20193
21297 20278
21345 20305
21403 20387
21471 20442
21482 20443
21580 20486
21585 20536
21591 20566
21592 20582
21659 20613
21731 20705
21826 20793
21876 20828
21928 20924
21999 20958
22093 21052
22107 21093
22152 21167
22237 21221
22321 21250
22399 21317
22444 21319
22513 21381
22589 21409
22677 21412
22714 21425
22720 21523
22800 21587
22862 21653
22886 21697
22916 21702
22971 21727
23059 21738
23099 21745
23157 21805
23205 21835
23219 21929
23267 21933
23279 21942
23297 21969
23361 22051
23408 22105
23430 22178
23502 22194
23585 22218
23667 22249
23715 22261
23792 22350
23822 22385
23836 22437
23893 22505
23926 22510
23953 22605
24045 22633
24132 22688
24138 22735
24188 22773
24245 22809
24342 22862
24423 22920
24431 23000
24497 23080
24572 23121
24661 23164
24704 23211
24742 23296
24836 23327
24867 23366
24960 23427
25051 23456
25126 23460
25193 23464
25279 23525
25377 23622
25470 23670
25531 23712
25587 23784
25629 23812
25662 23852
25700 23899
25783 23986
25865 24060
25894 24129
25932 24163
25953 24195
26003 24238
26056 24274
26149 24368
26239 24398
26305 24403
26355 24460
26395 24559
26454 24613
26524 24638
26527 24659
26594 24748
26604 24804
26692 24819
26746 24897
26781 24942
26817 24966
26917 24986
26918 25080
26945 25096
26993 25118
27062 25162
27138 25228
27148 25261
27244 25264
27279 25320
27360 25388
27405 25397
27472 25496
27519 25512
27595 25516
27654 25563
27722 25648
27740 25684
27819 25783
27894 25795
27920 25807
27936 25869
27961 25957
27977 25965
27978 25997
28069 26063
28153 26115
28184 26149
28262 26162
28338 26253
28392 26329
28458 26334
28486 26364
28566 26420
28620 26506
28660 26539
28706 26605
28771 26629
28845 26664
28929 26668
29020 26691
29119 26699
29162 26774
29213 26838
29224 26913
29226 26924
29234 27020
29292 27091
29334 27133
29429 27182
29450 27208
29461 27239
29466 27321
29524 27343
29616 27381
29645 27426
29657 27480
29699 27524
29749 27575
29828 27629
29898 27722
29972 27793
30037 27801
30118 27843
30182 27850
30273 27922
30291 27951
30340 27975
30373 28030
30437 28079
30466 28120
30561 28209
30641 28300
30675 28363
30750 28460
30820 28541
30892 28550
30977 28621
31065 28676
31113 28707
31138 28749
31181 28780
31189 28861
31202 28933
31258 28974
31336 28990
31403 29021
31485 29107
31499 29206
31573 29284
31588 29329
31619 29360
31716 29457
31766 29516
31797 29529
31897 29546
31969 29560
32063 29646
32087 29649
32134 29685
32165 29767
32171 29785
32176 29817
32251 29908
32327 29966
32365 30014
32447 30061
32522 30159
32546 30259
32642 30294
32715 30311
32752 30402
32811 30456
32902 30477
32997 30568
33055 30622
33147 30665
33206 30734
33213 30746
33236 30776
33267 30860
33272 30924
33326 30936
33396 31003
33480 31060
33545 31145
33585 31208
33627 31238
33670 31296
33769 31328
33793 31355
33853 31419
33889 31509
33958 31608
34000 31618
34016 31625
34096 31703
34191 31755
34216 31794
34237 31806
34253 31876
34305 31906
34388 31965
34402 32023
34428 32099
34495 32191
34590 32223
34638 32254
34720 32292
34751 32348
34816 32383
34834 32404
34911 32423
34931 32505
34955 32582
34979 32659
35075 32753
35137 32838
35192 32879
35206 32928
35258 33003
35351 33098
35375 33183
35384 33243
35445 33320
35477 33379
35576 33404
35600 33448
35687 33543
35787 33611
35845 33637
35848 33707
35888 33733
35970 33747
36026 33748
36054 33838
36146 33892
36173 33924
36259 33981
36278 34021
36302 34062
36324 34118
36363 34177
36393 34198
36410 34208
36479 34265
36511 34360
36553 34396
36607 34496
36614 34589
36687 34637
36772 34650
36786 34661
36862 34693
36888 34769
36930 34784
37024 34804
37069 34873
37144 34963
37234 35052
37312 35113
37350 35199
37420 35278
37453 35335
37479 35402
37489 35482
37541 35567
37551 35582
37590 35611
37626 35684
37682 35763
37697 35844
37721 35919
37739 35939
37787 35967
37820 36044
37863 36073
37902 36157
37991 36176
38030 36208
38057 36258
38141 36272
38192 36367
38268 36400
38306 36472
38405 36527
38468 36610
38470 36632
38489 36690
38549 36786
38583 36863
38619 36878
38646 36948
38655 37029
38679 37072
38712 37126
38783 37157
38852 37187
38877 37260
38929 37333
39011 37433
39040 37499
39121 37563
39140 37628
39201 37707
39259 37731
39290 37816
39291 37851
39323 37875
39404 37940
39482 37959
39491 37993
39564 38018
39628 38037
39711 38114
39766 38123
39789 38200
39840 38236
39931 38279
39986 38316
40050 38365
40133 38425
40162 38478
40204 38520
40253 38589
40340 38654
40389 38725
40481 38730
40532 38822
40632 38840
40656 38860
40715 38937
40757 39012
40783 39082
40857 39092
40905 39141
40942 39196
41016 39197
41091 39288
41129 39372
41130 39435
41189 39504
41262 39565
41281 39634
41290 39660
41306 39670
41307 39744
41327 39751
41388 39810
41396 39819
41490 39847
41533 39861
41628 39922
41715 40007
41753 40101
41767 40164
41795 40239
41846 40266
41861 40331
41949 40335
41966 40357
42007 40396
42054 40466
42057 40540
42088 40607
42134 40621
42207 40630
42267 40635
42325 40709
42347 40738
42397 40743
42400 40805
42477 40837
42532 40868
42545 40916
42624 40991
42660 41036
42740 41053
42772 41111
42828 41127
42836 41171
42899 41192
42955 41227
42980 41324
42984 41413
43069 41497
43102 41498
43178 41552
43259 41564
43332 41577
43391 41632
43402 41707
43483 41710
43498 41729
43513 41798
43567 41864
43619 41953
43695 42035
43761 42089
43814 42134
43838 42137
43887 42197
43929 42274
44000 42309
44008 42394
44039 42481
44105 42540
44184 42633
44228 42650
44304 42722
44339 42736
44427 42799
44432 42867
44515 42893
44573 42920
44582 42928
44673 43014
44681 43106
44741 43188
44815 43226
44842 43239
44936 43299
44973 43348
44998 43376
45037 43409
45109 43508
45158 43519
45218 43534
45219 43553
45292 43646
45385 43705
45443 43804
45466 43869
45480 43915
45529 43952
45565 44045
45643 44053
45661 44086
45721 44178
45804 44237
45880 44265
45944 44343
46037 44371
46093 44437
46102 44521
46186 44557
46259 44650
46315 44742
46406 44834
46494 44875
46582 44891
46645 44904
46667 44944
46730 44963
46752 44994
46849 45077
46881 45094
46965 45171
47000 45256
47051 45258
47116 45283
47129 45318
47229 45377
47264 45401
47313 45469
47326 45538
47418 45580
47446 45654
47509 45736
47579 45830
47621 45892
47645 45974
47675 46058
47707 46097
47723 46138
47806 46205
47832 46254
47872 46272
47910 46297
47956 46315
48029 46316
48111 46379
48155 46464
48173 46524
48224 46558
48320 46639
48404 46711
48409 46720
48448 46781
48497 46799
48528 46889
48623 46896
48638 46900
48664 46966
48756 47007
48814 47042
48893 47095
48940 47178
48950 47269
48953 47272
49035 47338
49089 47375
49173 47401
49199 47427
49294 47445
49364 47477
49444 47575
49454 47594
49541 47609
49606 47697
49668 47758
49740 47778
49801 47816
49805 47857
49890 47892
49987 47991
50040 48015
50105 48028
50172 48054
50187 48083
50251 48138
50273 48166
50322 48169
50352 48245
50353 48309
50415 48390
50513 48423
50605 48504
50653 48571
50705 48584
50731 48615
50762 48660
50822 48705
50904 48716
50924 48758
50974 48794
50990 48846
51044 48849
51066 48883
51138 48950
51232 48970
51257 48991
51260 49065
51338 49114
51407 49197
51499 49284
51505 49357
51565 49376
51643 49419
51739 49498
51761 49598
51832 49614
51895 49684
51941 49776
