100 100 6 6188789 4 9731525
1 1
14 36
98 38
120 50
218 109
241 150
331 225
406 256
483 302
525 396
538 444
616 495
663 501
668 590
682 659
761 673
795 736
800 831
809 852
857 855
874 925
920 940
1002 1015
1070 1017
1133 1056
1175 1069
1232 1122
1295 1209
1389 1295
1409 1380
1445 1401
1489 1456
1524 1502
1620 1504
1708 1530
1752 1548
1796 1608
1847 1666
1932 1694
1995 1725
1999 1752
2039 1767
2076 1863
2078 1888
2111 1889
2174 1933
2176 1975
2258 1991
2274 2001
2288 2090
2375 2175
2468 2207
2530 2250
2540 2283
2578 2314
2678 2358
2764 2431
2826 2445
2903 2458
2974 2531
2995 2624
3087 2673
3091 2766
3158 2857
3181 2953
3269 2977
3321 2985
3384 3041
3417 3122
3435 3123
3476 3219
3576 3296
3633 3337
3701 3378
3786 3408
3807 3473
3810 3497
3857 3542
3869 3639
3873 3732
3874 3780
3890 3807
3980 3844
4044 3847
4069 3850
4109 3870
4177 3872
4198 3911
4214 3986
4230 4052
4279 4083
4329 4133
4426 4169
4450 4217
4539 4243
4565 4256
4634 4269
4681 4368
4732 4433
4824 4472
