1000 2 6 6765062 6 6353099
1 1
84 70
134 105
201 170
300 196
341 202
439 278
492 287
551 343
628 394
683 429
694 438
792 460
800 516
828 592
880 676
909 717
985 746
1072 812
1080 884
1177 945
1267 1029
1362 1045
1400 1143
1426 1233
1485 1267
1515 1362
1576 1376
1641 1449
1681 1488
1756 1552
1775 1589
1813 1686
1900 1782
1935 1786
2012 1832
2032 1922
2043 1999
2080 2087
2157 2142
2254 2242
2291 2323
2302 2377
2350 2422
2394 2520
2402 2562
2468 2600
2491 2646
2515 2725
2601 2781
2652 2838
2663 2935
2759 2960
2832 3023
2900 3084
2911 3124
2952 3166
3025 3255
3044 3314
3103 3356
3149 3413
3157 3441
3201 3500
3211 3512
3217 3612
3230 3634
3283 3659
3356 3667
3361 3744
3408 3843
3428 3892
3472 3953
3526 4032
3566 4105
3660 4173
3689 4187
3742 4248
3751 4317
3787 4407
3804 4490
3805 4581
3812 4602
3866 4676
3877 4696
3929 4742
3998 4769
4096 4793
4107 4860
4171 4874
4173 4938
4245 4996
4331 5023
4335 5114
4359 5171
4365 5257
4373 5289
4429 5351
4508 5408
4590 5496
4621 5578
4632 5605
4658 5640
4690 5699
4711 5745
4793 5836
4881 5930
4884 5975
4922 6074
4942 6130
5010 6133
5052 6144
5089 6192
5097 6272
5154 6288
5231 6371
5265 6436
5341 6454
5347 6479
5397 6490
5408 6512
5480 6523
5510 6572
5560 6633
5637 6715
5713 6752
5762 6763
5793 6793
5844 6877
5877 6943
5934 6946
5989 6965
6047 6999
6100 7072
6169 7099
6235 7138
6327 7199
6388 7275
6406 7319
6461 7392
6532 7472
6555 7473
6615 7531
6619 7605
6705 7629
6781 7680
6859 7684
6929 7720
6978 7787
7033 7828
7089 7902
7147 7989
7203 8069
7238 8139
7282 8222
7327 8237
7404 8297
7416 8391
7446 8399
7469 8484
7506 8579
7544 8616
7559 8629
7584 8664
7646 8752
7700 8785
7744 8848
7755 8905
7822 8944
7881 9019
7886 9029
7943 9037
7979 9089
7999 9171
8087 9184
8092 9187
8133 9283
8166 9378
8177 9473
8199 9540
8220 9635
8249 9683
8337 9719
8359 9744
8398 9760
8467 9814
8489 9892
8562 9969
8616 10031
8692 10120
8774 10213
8818 10259
8858 10322
8937 10381
8952 10481
9043 10489
9058 10506
9080 10575
9109 10629
9116 10640
9148 10692
9173 10731
9222 10772
9297 10839
9359 10906
9418 10939
9472 10966
9532 11001
9585 11101
9641 11194
9659 11259
9708 11302
9731 11380
9736 11440
9766 11529
9801 11603
9821 11676
9908 11734
9929 11757
10026 11857
10064 11871
10084 11876
10109 11890
10158 11928
10181 11977
10269 12031
10368 12038
10369 12102
10428 12167
10505 12176
10531 12181
10544 12228
10589 12300
10635 12395
10714 12445
10721 12489
10817 12539
10865 12578
10953 12607
10996 12685
11014 12728
11094 12817
11181 12865
11202 12931
11301 12994
11365 13018
11434 13083
11504 13150
11562 13175
11642 13209
11697 13289
11762 13327
11804 13425
11898 13464
11918 13562
11986 13607
12016 13705
12045 13761
12090 13772
12123 13827
12191 13830
12242 13928
12275 13989
12295 14003
12350 14103
12413 14135
12512 14194
12515 14209
12610 14242
12693 14294
12744 14309
12781 14395
12870 14465
12964 14541
13046 14580
13116 14610
13126 14668
13206 14713
13252 14743
13310 14796
13328 14895
13378 14979
13459 15066
13473 15097
13528 15103
13573 15152
13633 15244
13673 15290
13744 15303
13781 15391
13782 15393
13802 15467
13865 15471
13890 15485
13946 15505
13988 15531
14063 15549
14117 15585
14132 15602
14210 15655
14220 15734
14284 15803
14376 15895
14411 15957
14492 16022
14526 16045
14610 16086
14617 16096
14664 16138
14745 16150
14819 16247
14865 16256
14933 16299
14991 16308
15086 16393
15131 16442
15144 16479
15187 16517
15223 16530
15225 16558
15249 16609
15266 16628
15283 16648
15318 16664
15369 16757
15382 16770
15438 16861
15483 16877
15539 16895
15586 16949
15646 16998
15743 17028
15760 17114
15768 17153
15787 17192
15882 17195
15908 17285
15936 17321
15981 17374
16024 17424
16035 17443
16091 17489
16130 17507
16141 17541
16234 17604
16251 17701
16270 17794
16272 17800
16354 17834
16373 17868
16412 17927
16446 18001
16486 18094
16574 18117
16592 18158
16597 18218
16693 18296
16764 18395
16819 18421
16913 18442
16946 18499
16963 18548
17052 18556
17098 18651
17118 18720
17159 18751
17240 18803
17321 18845
17382 18939
17404 18989
17503 19002
17581 19064
17583 19154
17585 19244
17654 19293
17665 19392
17694 19423
17769 19455
17775 19480
17805 19529
17833 19615
17851 19643
17910 19716
17950 19785
18014 19809
18112 19882
18157 19883
18230 19978
18314 19980
18356 19983
18409 20083
18435 20090
18458 20139
18474 20145
18500 20163
18503 20238
18599 20241
18633 20266
18705 20354
18780 20410
18836 20466
18839 20516
18843 20532
18914 20546
18936 20568
18949 20622
19044 20624
19112 20718
19153 20734
19190 20778
19232 20828
19271 20873
19371 20945
19419 20981
19484 21062
19513 21081
19518 21111
19520 21148
19589 21214
19672 21220
19763 21237
19765 21263
19831 21273
19848 21287
19888 21353
19960 21408
20039 21441
20128 21466
20206 21521
20249 21582
20321 21599
20345 21679
20362 21690
20436 21713
20519 21721
20612 21763
20657 21838
20698 21883
20763 21930
20785 21970
20863 21980
20940 22011
20967 22016
20984 22094
21069 22100
21109 22101
21209 22183
21213 22249
21242 22267
21300 22359
21342 22421
21438 22474
21450 22556
21521 22571
21532 22581
21537 22623
21622 22627
21705 22660
21764 22748
21797 22797
21882 22889
21976 22979
22013 22990
22104 23027
22114 23085
22155 23154
22202 23214
22291 23266
22357 23313
22373 23388
22413 23456
22442 23459
22488 23502
22506 23515
22591 23551
22608 23579
22698 23664
22735 23732
22769 23783
22811 23834
22817 23883
22916 23962
22966 23975
23035 24045
23102 24068
23155 24079
23231 24171
23234 24214
23309 24280
23397 24327
23475 24421
23538 24452
23600 24501
23609 24510
23696 24604
23734 24657
23826 24749
23864 24837
23931 24935
23993 24946
24081 25029
24175 25048
24230 25071
24319 25122
24334 25127
24369 25190
24413 25278
24448 25306
24493 25372
24506 25417
24582 25459
24601 25474
24677 25527
24760 25543
24841 25579
24850 25635
24859 25661
24901 25729
24955 25764
24960 25808
24967 25907
25064 25988
25117 25993
25152 26071
25189 26170
25266 26171
25275 26199
25312 26209
25330 26301
25401 26325
25447 26366
25483 26443
25564 26529
25583 26615
25664 26624
25671 26664
25768 26691
25817 26787
25830 26842
25896 26941
25995 26999
25996 27029
26085 27051
26171 27109
26209 27169
26238 27184
26241 27218
26272 27271
26364 27368
26387 27377
26462 27416
26497 27420
26563 27476
26636 27553
26709 27627
26753 27672
26764 27703
26823 27754
26914 27774
27001 27837
27074 27886
27077 27887
27125 27960
27190 28042
27198 28091
27269 28115
27335 28193
27435 28222
27519 28249
27557 28291
27571 28322
27580 28404
27679 28451
27728 28505
27729 28513
27804 28600
27857 28645
27872 28650
27898 28697
27929 28768
28004 28863
28028 28867
28058 28964
28082 28996
28100 29082
28176 29099
28192 29144
28197 29153
28251 29189
28288 29267
28352 29310
28410 29394
28463 29410
28557 29446
28559 29472
28602 29483
28681 29581
28755 29619
28853 29683
28897 29714
28921 29754
29014 29838
29026 29910
29122 30000
29196 30026
29280 30114
29296 30128
29352 30143
29409 30228
29429 30229
29452 30242
29453 30308
29470 30361
29528 30374
29539 30462
29592 30545
29632 30616
29719 30643
29725 30738
29729 30765
29801 30822
29884 30919
29965 30984
29969 31030
29971 31053
29990 31095
30054 31114
30140 31174
30162 31176
30166 31178
30223 31239
30286 31319
30312 31358
30333 31432
30346 31460
30444 31497
30535 31553
30549 31636
30584 31704
30672 31801
30675 31845
30710 31872
30720 31970
30730 32019
30783 32099
30792 32190
30862 32210
30874 32232
30894 32271
30902 32292
30904 32322
30936 32381
30979 32411
31012 32443
31054 32491
31081 32500
31171 32526
31243 32558
31263 32598
31359 32691
31409 32772
31417 32853
31513 32894
31525 32902
31573 32908
31612 32914
31687 32951
31708 32989
31767 33001
31789 33073
31875 33154
31901 33231
31902 33326
31964 33403
32012 33490
32079 33582
32096 33662
32169 33671
32196 33706
32214 33730
32219 33764
32297 33847
32332 33891
32395 33917
32451 33931
32470 33991
32559 34080
32593 34097
32676 34100
32752 34115
32755 34197
32807 34199
32878 34232
32897 34313
32904 34374
32941 34409
33020 34497
33079 34502
33138 34532
33158 34600
33236 34667
33319 34731
33413 34801
33478 34869
33484 34896
33499 34916
33525 34938
33609 34972
33625 35022
33699 35027
33774 35099
33782 35139
33861 35217
33877 35295
33949 35350
33998 35430
34038 35481
34127 35503
34202 35524
34203 35608
34235 35691
34310 35738
34392 35766
34468 35770
34554 35814
34568 35830
34626 35849
34697 35930
34747 36026
34811 36098
34893 36119
34990 36194
35068 36275
35120 36318
35146 36345
35196 36394
35243 36411
35318 36477
35353 36496
35415 36532
35502 36534
35585 36590
35613 36650
35657 36689
35673 36703
35736 36762
35758 36797
35788 36887
35869 36917
35953 36919
36030 36997
36066 37060
36128 37077
36207 37175
36250 37275
36296 37352
36359 37365
36366 37423
36398 37459
36482 37476
36493 37526
36553 37623
36568 37711
36573 37804
36574 37897
36581 37932
36614 37975
36649 38057
36717 38129
36732 38196
36765 38286
36773 38322
36805 38390
36850 38426
36949 38431
37020 38523
37044 38547
37050 38569
37101 38639
37197 38722
37251 38819
37265 38898
37277 38913
37356 38944
37407 38945
37502 38964
37504 39001
37531 39089
37580 39122
37625 39177
37635 39261
37644 39319
37682 39366
37779 39384
37835 39452
37930 39487
37967 39493
37997 39533
38072 39630
38164 39730
38260 39775
38354 39817
38392 39819
38449 39835
38470 39874
38500 39954
38531 39995
38619 40087
38644 40132
38648 40199
38711 40271
38717 40294
38726 40339
38803 40439
38852 40483
38939 40501
39028 40564
39037 40615
39094 40709
39155 40782
39250 40784
39288 40864
39309 40963
39342 41060
39364 41120
39443 41202
39514 41297
39613 41333
39696 41336
39730 41402
39733 41405
39773 41458
39815 41517
39825 41545
39851 41589
39897 41655
39933 41691
39941 41772
39970 41843
39981 41921
40036 41997
40107 42080
40192 42081
40263 42087
40337 42120
40404 42129
40444 42162
40456 42257
40517 42307
40558 42330
40616 42348
40628 42385
40682 42479
40777 42560
40829 42653
40900 42728
40960 42737
40961 42826
41003 42893
41058 42960
41114 43042
41117 43111
41128 43153
41165 43175
41226 43250
41251 43308
41257 43366
41273 43406
41332 43418
41348 43485
41368 43532
41410 43552
41492 43583
41495 43669
41548 43759
41643 43771
41692 43831
41698 43914
41765 43930
41774 43984
41813 44004
41818 44035
41901 44056
41958 44076
42052 44158
42097 44245
42170 44343
42210 44378
42234 44427
42278 44467
42331 44488
42363 44548
42396 44594
42481 44683
42521 44715
42596 44724
42658 44823
42689 44912
42715 45006
42795 45044
42875 45129
42886 45166
42939 45190
42965 45229
43043 45269
43051 45350
43145 45400
43229 45478
43265 45539
43360 45577
43435 45661
43497 45730
43590 45804
43675 45898
43709 45922
43782 46018
43815 46087
43865 46107
43870 46142
43873 46238
43957 46260
44012 46354
44023 46408
44098 46431
44190 46504
44270 46530
44296 46554
44300 46597
44359 46632
44363 46704
44452 46763
44484 46768
44511 46776
44549 46845
44587 46888
44651 46953
44672 46999
44707 47042
44727 47123
44795 47141
44805 47164
44831 47194
44836 47275
44872 47371
44941 47454
44967 47531
44978 47618
45025 47715
45040 47773
45127 47790
45183 47797
45236 47892
45319 47979
45370 48030
45447 48095
45465 48190
45515 48200
45536 48224
45623 48261
45673 48338
45696 48371
45749 48468
45766 48513
45802 48585
45892 48683
45942 48777
45952 48779
45992 48815
46082 48874
46173 48883
46236 48968
46334 49012
46402 49099
46487 49170
46580 49172
46679 49252
46693 49291
46699 49381
46754 49444
46835 49539
46853 49603
46889 49702
46921 49722
46966 49789
47048 49849
47057 49917
47074 49930
47097 49959
47180 49991
47241 50074
47310 50147
47337 50187
47364 50221
47463 50242
47497 50244
47547 50334
47601 50399
47691 50479
47700 50522
47703 50541
47710 50549
