1000 1000 7 5240962 9 9853583
1 1
70 52
75 124
118 166
215 216
250 246
345 260
347 303
419 350
500 373
548 378
562 429
603 529
622 616
629 626
675 726
707 772
785 825
819 889
892 952
957 1020
1001 1082
1023 1093
1087 1167
1127 1184
1139 1247
1165 1303
1205 1332
1212 1384
1302 1431
1372 1451
1376 1458
1407 1469
1429 1523
1472 1550
1538 1649
1598 1734
1619 1785
1621 1788
1673 1811
1675 1833
1682 1872
1761 1964
1775 2060
1864 2092
1876 2107
1950 2150
2038 2178
2044 2263
2100 2309
2161 2397
2210 2421
2222 2440
2249 2479
2282 2498
2309 2571
2335 2579
2402 2597
2454 2659
2457 2690
2488 2760
2522 2820
2591 2843
2685 2851
2703 2873
2751 2949
2771 2995
2795 3055
2893 3059
2902 3130
2921 3165
2965 3250
3031 3337
3115 3395
3213 3441
3243 3462
3253 3508
3313 3569
3330 3573
3383 3661
3396 3751
3462 3764
3553 3864
3615 3957
3687 3964
3703 4038
3784 4109
3851 4164
3941 4203
4016 4270
4034 4342
4129 4437
4138 4444
4181 4504
4252 4510
4281 4531
4372 4608
4381 4675
4458 4720
4534 4763
4540 4853
4627 4864
4659 4897
4705 4985
4796 5070
4854 5112
4936 5124
4989 5157
5069 5181
5124 5202
5158 5254
5177 5279
5229 5309
5273 5379
5353 5452
5441 5493
5474 5578
5494 5678
5515 5687
5547 5745
5625 5826
5721 5858
5770 5932
5782 5982
5843 6074
5869 6128
5966 6187
6059 6266
6108 6268
6116 6317
6123 6377
6161 6399
6210 6487
6218 6502
6261 6602
6354 6689
6422 6691
6508 6760
6588 6816
6639 6905
6640 6973
6706 7023
6774 7031
6850 7042
6864 7045
6893 7051
6983 7081
7036 7139
7132 7184
7151 7201
7226 7263
7323 7351
7348 7387
7355 7390
7411 7488
7420 7571
7452 7608
7488 7630
7522 7707
7569 7725
7652 7736
7690 7786
7752 7872
7821 7894
7850 7913
7877 7955
7885 8001
7921 8060
7971 8103
8048 8159
8060 8201
8096 8286
8180 8295
8215 8360
8313 8456
8372 8506
8437 8550
8475 8613
8506 8713
8574 8727
8654 8739
8727 8772
8743 8820
8840 8911
8866 9010
8908 9064
8986 9162
8997 9177
9065 9230
9136 9262
9217 9351
9274 9425
9341 9523
9411 9579
9487 9636
9587 9725
9650 9819
9652 9918
9731 9986
9811 10015
9866 10021
9895 10049
9976 10118
10063 10201
10134 10241
10201 10249
10294 10256
10348 10279
10385 10325
10457 10335
10483 10344
10495 10346
10502 10410
10536 10421
10602 10431
10616 10492
10668 10580
10675 10600
10760 10666
10826 10678
10898 10699
10928 10791
10966 10837
11045 10838
11095 10839
11143 10909
11181 11005
11256 11098
11318 11197
11377 11262
11464 11324
11559 11388
11654 11441
11671 11510
11678 11539
11719 11607
11739 11653
11779 11672
11832 11719
11861 11819
11862 11907
11938 11984
12026 12007
12075 12071
12093 12118
12121 12212
12144 12294
12228 12381
12326 12414
12348 12457
12380 12526
12480 12581
12488 12596
12547 12624
12566 12655
12599 12686
12690 12735
12787 12761
12858 12792
12870 12846
12876 12885
12961 12920
13029 13019
13049 13036
13139 13109
13183 13163
13207 13244
13292 13270
13308 13297
13313 13374
13382 13387
13439 13458
13440 13514
13502 13562
13581 13588
13641 13659
13663 13679
13699 13714
13712 13728
13764 13737
13782 13826
13851 13914
13886 14011
13947 14043
13955 14086
14006 14178
14016 14250
14053 14256
14056 14322
14103 14401
14110 14488
14116 14492
14160 14519
14164 14529
14201 14590
14245 14623
14315 14644
14397 14682
14469 14780
14559 14810
14586 14898
14660 14981
14686 15056
14727 15112
14823 15115
14908 15185
14961 15258
15011 15324
15054 15372
15106 15374
15144 15405
15156 15449
15249 15543
15253 15639
15286 15675
15336 15769
15408 15778
15484 15803
15573 15851
15664 15945
15684 16007
15719 16105
15797 16112
15798 16198
15880 16241
15940 16285
16007 16330
16074 16355
16119 16406
16127 16436
16194 16531
16206 16545
16302 16638
16327 16720
16391 16801
16438 16842
16525 16918
16564 17005
16581 17029
16623 17050
16700 17121
16792 17139
16867 17155
16895 17251
16931 17315
16948 17361
17041 17376
17065 17459
17145 17489
17172 17541
17226 17627
17254 17698
17319 17708
17369 17755
17438 17774
17509 17811
17569 17890
17656 17936
17750 17976
17757 18063
17841 18115
17903 18149
17917 18178
17920 18214
18020 18236
18052 18332
18103 18346
18190 18418
18219 18419
18308 18512
18367 18611
18464 18678
18468 18701
18476 18786
18551 18883
18606 18900
18613 18984
18702 19010
18773 19072
18857 19126
18953 19163
19007 19208
19026 19281
19106 19310
19131 19388
19184 19397
19213 19417
19249 19434
19303 19448
19331 19501
19405 19541
19472 19612
19501 19651
19556 19665
19631 19764
19644 19808
19685 19820
19730 19856
19809 19860
19863 19919
19887 19960
19956 20003
20035 20035
20081 20067
20124 20165
20142 20211
20239 20307
20330 20353
20403 20407
20490 20433
20546 20450
20558 20464
20643 20494
20647 20510
20718 20518
20759 20596
20815 20678
20877 20768
20976 20816
20985 20851
21085 20891
21175 20957
21204 21000
21228 21034
21305 21102
21325 21125
21421 21172
21493 21256
21563 21257
21580 21288
21608 21347
21678 21443
21719 21517
21744 21547
21764 21617
21835 21636
21922 21644
21990 21677
22038 21707
22071 21709
22139 21783
22235 21806
22258 21843
22310 21906
22381 21987
22415 22071
22448 22119
22531 22145
22535 22160
22545 22169
22639 22199
22655 22285
22665 22311
22686 22356
22727 22446
22785 22544
22815 22602
22838 22702
22921 22758
22964 22850
23036 22883
23127 22906
23170 22936
23254 22981
23347 23068
23428 23116
23466 23143
23518 23231
23601 23287
23657 23315
23663 23358
23738 23378
23837 23422
23906 23427
23913 23481
23946 23503
23975 23586
23999 23664
24033 23687
24130 23701
24215 23741
24270 23812
24317 23854
24381 23920
24468 24007
24475 24082
24531 24097
24604 24142
24605 24217
24627 24315
24628 24400
24673 24450
24700 24538
24778 24563
24856 24627
24923 24634
24981 24640
25076 24724
25104 24768
25154 24782
25169 24826
25175 24925
25231 24928
25280 24997
25340 25095
25411 25169
25412 25187
25491 25214
25504 25222
25545 25293
25546 25344
25600 25412
25646 25447
25663 25487
25729 25555
25759 25575
25848 25639
25897 25661
25953 25725
26022 25799
26053 25851
26126 25936
26209 26032
26232 26081
26325 26161
26357 26227
26448 26321
26527 26393
26624 26485
26702 26534
26800 26587
26895 26599
26988 26676
27062 26755
27142 26803
27186 26812
27261 26828
27271 26863
27312 26867
27375 26932
27449 27004
27503 27063
27512 27108
27528 27191
27616 27211
27668 27248
27712 27323
27713 27402
27738 27421
27772 27470
27804 27552
27810 27574
27862 27617
27929 27663
27939 27759
27969 27854
28023 27886
28103 27908
28152 27985
28242 28046
28335 28092
28408 28093
28468 28104
28514 28198
28591 28245
28670 28289
28765 28326
28767 28336
28811 28404
28863 28491
28868 28535
28923 28583
28975 28593
29075 28687
29148 28737
29219 28815
29220 28816
29225 28855
29312 28926
29351 28964
29385 28995
29467 29034
29490 29089
29576 29116
29665 29177
29710 29204
29712 29232
29812 29273
29889 29342
29940 29392
30011 29466
30054 29486
30108 29503
30146 29565
30205 29627
30218 29639
30244 29728
30325 29771
30349 29868
30360 29883
30429 29961
30496 30000
30561 30016
30635 30022
30651 30025
30669 30088
30689 30172
30727 30231
30748 30268
30832 30313
30837 30354
30916 30402
30979 30448
30990 30494
31004 30580
31045 30641
31100 30724
31115 30760
31185 30778
31281 30860
31350 30920
31372 31016
31468 31071
31504 31084
31600 31123
31642 31150
31655 31199
31751 31254
31823 31307
31922 31370
32011 31393
32098 31420
32123 31495
32213 31549
32230 31611
32241 31645
32285 31654
32312 31681
32337 31719
32412 31777
32503 31856
32538 31874
32598 31898
32639 31957
32690 31960
32760 32022
32854 32098
32888 32166
32983 32231
33031 32257
33057 32302
33105 32322
33169 32375
33221 32390
33228 32485
33298 32565
33379 32586
33383 32661
33473 32725
33495 32733
33562 32810
33604 32853
33658 32923
33720 32930
33799 32951
33884 33026
33927 33078
34001 33089
34039 33182
34090 33232
34102 33281
34105 33295
34125 33376
34137 33437
34164 33493
34182 33545
34198 33546
34277 33552
34339 33610
34384 33662
34391 33691
34434 33770
34485 33847
34523 33915
34537 34015
34601 34036
34626 34134
34699 34215
34706 34278
34782 34343
34832 34345
34865 34354
34905 34403
34988 34417
34991 34492
35066 34494
35079 34531
35096 34606
35168 34643
35221 34713
35294 34749
35363 34750
35437 34763
35528 34826
35570 34924
35622 34953
35689 35025
35779 35088
35855 35181
35917 35211
35961 35261
36009 35265
36108 35353
36134 35388
36143 35416
36182 35513
36220 35578
36308 35621
36367 35628
36429 35681
36468 35765
36526 35831
36539 35897
36563 35971
36620 35976
36714 36018
36728 36112
36828 36205
36924 36272
36952 36313
37045 36336
37086 36381
37175 36462
37247 36473
37253 36541
37256 36579
37257 36636
37283 36714
37297 36768
37367 36774
37425 36826
37460 36906
37538 36973
37569 37017
37571 37033
37577 37070
37629 37122
37677 37157
37704 37207
37794 37238
37865 37307
37870 37333
37872 37423
37892 37513
37962 37519
38005 37566
38075 37650
38145 37706
38199 37744
38206 37777
38212 37858
38238 37951
38301 38031
38336 38082
38387 38109
38427 38206
38495 38305
38587 38308
38685 38345
38763 38416
38852 38484
38945 38545
39005 38645
39090 38726
39138 38810
39197 38831
39224 38898
39280 38942
39326 38983
39335 39076
39404 39130
39406 39151
39431 39180
39439 39200
39497 39264
39580 39350
39604 39390
39697 39469
39722 39496
39764 39525
39817 39552
39840 39598
39936 39654
39979 39742
39982 39812
40013 39898
40098 39983
40146 40015
40219 40104
40232 40170
40261 40249
40351 40305
40439 40310
40488 40404
40582 40410
40634 40429
40663 40467
40702 40480
40742 40516
40789 40559
40874 40623
40876 40634
40893 40639
40957 40738
41030 40803
41068 40893
41073 40985
41076 41004
41155 41073
41184 41094
41215 41107
41243 41110
41299 41140
41395 41212
41425 41284
41480 41286
41548 41353
41623 41422
41723 41459
41725 41532
41727 41574
41740 41663
41836 41762
41870 41846
41892 41858
41923 41939
42022 41978
42111 42020
42204 42108
42254 42119
42331 42169
42375 42199
42438 42259
42480 42348
42509 42377
42543 42400
42555 42411
42643 42435
42738 42481
42770 42513
42791 42591
42792 42665
42862 42743
42899 42772
42957 42795
43012 42810
43097 42813
43180 42821
43183 42886
43270 42962
43367 42991
43406 43043
43434 43093
43489 43188
43501 43278
43537 43331
43545 43370
43576 43439
43596 43506
43606 43568
43664 43619
43678 43675
43766 43706
43844 43802
43856 43867
43898 43893
43908 43991
43945 44015
44008 44112
44097 44124
44186 44221
44218 44258
44267 44349
44358 44369
44394 44438
44465 44478
44517 44528
44598 44619
44637 44704
44694 44720
44755 44820
44758 44848
44838 44896
44907 44971
44909 44994
44986 45053
45019 45140
45115 45174
45213 45217
45256 45262
45263 45343
45271 45438
45327 45480
45414 45569
45484 45655
45485 45737
45564 45810
45588 45816
45628 45852
45664 45920
45689 45930
45786 45934
45837 45965
45915 45991
45916 46005
45970 46069
46050 46092
46150 46129
46200 46211
46226 46251
46314 46258
46399 46286
46419 46305
46462 46356
46466 46436
46467 46524
46545 46529
46631 46545
46634 46621
46709 46675
46753 46685
46767 46713
46839 46806
46885 46813
46946 46904
46984 46951
47009 47004
47095 47064
47188 47108
47232 47192
47264 47287
47329 47308
47333 47316
47358 47322
47405 47381
47457 47437
47509 47491
47582 47578
47591 47657
47644 47749
47740 47796
47783 47814
47820 47824
47871 47856
47929 47882
47974 47958
47977 48039
48074 48134
48144 48157
48230 48245
48237 48303
48294 48323
48358 48400
48407 48423
48480 48466
48579 48482
48657 48495
48719 48591
48781 48635
48821 48664
48913 48672
48934 48679
48977 48746
49029 48799
49075 48838
49113 48845
49211 48868
49279 48883
49334 48937
49366 48941
49438 48983
49468 49030
49555 49086
49580 49161
49676 49208
49709 49226
49773 49248
49814 49334
49864 49348
49905 49418
49984 49422
49989 49497
50001 49549
50030 49649
50075 49713
50170 49758
50205 49759
50239 49792
50253 49859
50264 49951
