1000 1000 6 5984108 8 6299038
1 1
46 68
107 164
116 240
185 297
255 315
345 412
349 426
398 468
435 563
518 613
561 659
593 702
642 776
680 809
752 878
830 934
915 1028
984 1118
1023 1170
1113 1182
1209 1221
1234 1292
1271 1325
1368 1341
1445 1437
1492 1485
1506 1538
1516 1621
1520 1649
1591 1650
1631 1685
1644 1732
1708 1793
1722 1811
1814 1812
1857 1879
1872 1906
1934 1967
2006 1969
2029 2058
2052 2152
2123 2241
2157 2269
2245 2295
2248 2362
2290 2451
2384 2498
2477 2505
2536 2586
2631 2645
2653 2735
2713 2808
2717 2830
2804 2888
2819 2921
2848 2954
2881 3030
2938 3110
3034 3181
3051 3190
3110 3275
3153 3315
3168 3406
3194 3427
3248 3480
3330 3502
3332 3580
3361 3629
3447 3655
3515 3674
3607 3731
3616 3756
3679 3806
3688 3821
3737 3910
3743 3972
3776 3992
3830 4025
3857 4055
3934 4109
4001 4135
4014 4183
4089 4201
4145 4251
4156 4296
4168 4379
4247 4448
4343 4475
4376 4548
4413 4569
4500 4664
4546 4690
4573 4717
4660 4764
4704 4794
4716 4839
4807 4861
4845 4903
4853 4923
4876 4950
4918 5026
4949 5086
4954 5099
5022 5162
5076 5165
5111 5194
5204 5262
5214 5355
5309 5400
5357 5418
5366 5428
5388 5443
5485 5478
5566 5494
5633 5585
5687 5603
5716 5644
5762 5656
5837 5754
5845 5795
5936 5842
5969 5865
5975 5921
6059 5952
6077 5998
6143 6064
6226 6118
6282 6119
6340 6159
6427 6255
6455 6297
6500 6372
6555 6458
6655 6543
6735 6640
6828 6730
6834 6775
6842 6875
6925 6895
6986 6986
7037 7025
7125 7103
7181 7111
7211 7155
7275 7255
7304 7326
7403 7371
7447 7386
7477 7477
7556 7495
7605 7500
7673 7592
7724 7664
7790 7697
7800 7732
7853 7755
7871 7756
7928 7842
7944 7907
7968 7954
8065 7964
8071 7973
8075 8048
8077 8055
8090 8094
8157 8115
8164 8146
8175 8233
8184 8238
8282 8315
8334 8333
8408 8424
8466 8452
8510 8453
8604 8457
8702 8522
8709 8579
8783 8600
8797 8685
8892 8751
8953 8845
8999 8910
9001 8926
9032 8962
9048 9025
9131 9052
9161 9072
9230 9157
9264 9183
9303 9259
9353 9320
9370 9328
9395 9384
9458 9416
9548 9446
9622 9486
9707 9555
9775 9558
9850 9603
9931 9617
9934 9626
10026 9652
10054 9723
10057 9748
10100 9766
10115 9861
10119 9919
10136 9981
10214 10000
10287 10026
10345 10080
10362 10145
10432 10189
10437 10232
10510 10326
10588 10367
10598 10455
10677 10522
10776 10557
10811 10584
10893 10677
10973 10750
10988 10768
11083 10830
11121 10877
11162 10906
11233 10930
11312 10968
11395 11037
11420 11084
11492 11121
11500 11126
11576 11186
11648 11226
11710 11257
11721 11340
11784 11415
11825 11429
11837 11442
11885 11487
11961 11537
12005 11562
12073 11647
12117 11662
12122 11726
12200 11730
12267 11755
12366 11845
12450 11861
12514 11880
12569 11905
12591 11951
12690 11969
12762 11982
12765 11990
12856 12052
12945 12109
12999 12158
13082 12232
13157 12306
13229 12352
13325 12360
13340 12407
13416 12468
13433 12554
13524 12568
13598 12597
13679 12602
13686 12632
13735 12656
13810 12707
13832 12771
13910 12820
14001 12909
14097 12963
14166 12998
14252 13071
14283 13117
14331 13162
14348 13236
14402 13296
14492 13299
14524 13378
14556 13455
14557 13513
14626 13595
14631 13651
14714 13654
14715 13697
14771 13751
14788 13812
14828 13867
14854 13903
14900 14000
14968 14096
14998 14163
15025 14239
15058 14314
15127 14399
15152 14470
15247 14542
15261 14577
15346 14639
15374 14662
15440 14669
15466 14689
15497 14779
15550 14802
15566 14898
15567 14986
15585 15058
15671 15089
15714 15161
15787 15240
15880 15261
15928 15321
15967 15407
16067 15457
16133 15533
16199 15574
16239 15609
16305 15620
16322 15633
16393 15662
16442 15757
16532 15841
16601 15900
16694 15958
16791 15985
16872 16015
16914 16039
16938 16101
17031 16164
17098 16228
17153 16251
17233 16344
17295 16432
17342 16486
17355 16568
17372 16572
17446 16582
17499 16585
17590 16591
17649 16644
17697 16699
17730 16702
17785 16774
17805 16845
17842 16924
17934 16974
18033 17054
18115 17117
18174 17195
18228 17210
18235 17245
18267 17314
18314 17409
18394 17493
18427 17574
18471 17603
18519 17633
18540 17710
18546 17755
18611 17787
18697 17847
18783 17854
18859 17864
18899 17884
18928 17911
18944 17958
18994 17968
19089 17976
19129 18025
19207 18097
19303 18180
19331 18184
19397 18232
19471 18280
19488 18315
19564 18388
19635 18463
19687 18556
19772 18636
19802 18712
19850 18748
19880 18778
19884 18822
19952 18890
19967 18975
20002 19020
20046 19045
20086 19091
20157 19131
20172 19146
20226 19227
20257 19325
20270 19380
20317 19450
20406 19511
20490 19549
20579 19551
20644 19573
20688 19643
20781 19740
20880 19776
20887 19787
20953 19831
21019 19900
21044 19937
21066 20025
21149 20105
21205 20140
21294 20212
21393 20223
21468 20228
21560 20251
21621 20314
21712 20324
21801 20354
21874 20428
21942 20479
22021 20501
22061 20502
22086 20565
22126 20574
22162 20600
22237 20670
22240 20761
22250 20841
22319 20903
22357 20917
22413 21000
22421 21080
22499 21088
22591 21102
22600 21173
22604 21264
22624 21279
22652 21298
22747 21299
22826 21325
22925 21369
22935 21375
22964 21441
23007 21532
23025 21587
23064 21684
23134 21742
23224 21829
23323 21844
23417 21870
23427 21871
23460 21880
23519 21914
23572 21974
23623 22000
23626 22043
23681 22082
23726 22131
23745 22175
23822 22179
23871 22261
23941 22288
23964 22326
24022 22420
24024 22478
24079 22534
24080 22581
24130 22635
24155 22701
24225 22789
24240 22858
24314 22944
24377 23004
24417 23067
24497 23119
24535 23153
24593 23207
24656 23284
24679 23355
24714 23404
24792 23413
24812 23421
24857 23426
24884 23483
24888 23543
24969 23607
25036 23683
25084 23692
25175 23742
25197 23815
25251 23912
25295 23955
25387 24001
25431 24033
25510 24083
25553 24113
25643 24147
25718 24204
25787 24278
25885 24378
25905 24397
25920 24449
25948 24471
26019 24563
26097 24625
26123 24716
26157 24756
26164 24838
26216 24935
26245 25023
26302 25118
26337 25218
26429 25241
26516 25281
26522 25311
26600 25335
26645 25383
26730 25477
26757 25564
26759 25589
26814 25594
26855 25649
26925 25650
27005 25678
27051 25700
27105 25702
27204 25721
27276 25746
27363 25775
27420 25778
27433 25799
27528 25861
27627 25881
27709 25937
27732 25971
27796 26046
27859 26079
27932 26112
27998 26126
28070 26180
28124 26230
28154 26294
28169 26389
28176 26419
28208 26437
28278 26466
28371 26565
28433 26662
28522 26667
28575 26741
28654 26754
28708 26768
28728 26837
28744 26888
28761 26935
28823 26940
28867 26959
28891 27059
28899 27122
28959 27124
29007 27166
29033 27180
29129 27199
29222 27253
29287 27279
29311 27317
29398 27326
29495 27417
29524 27460
29527 27520
29572 27535
29625 27580
29708 27593
29789 27640
29859 27673
29958 27685
30025 27731
30054 27790
30112 27852
30193 27902
30239 27937
30281 28004
30356 28025
30374 28096
30379 28186
30470 28246
30487 28278
30550 28348
30572 28402
30599 28445
30670 28520
30737 28578
30828 28647
30865 28683
30878 28707
30883 28757
30917 28831
30996 28864
31015 28961
31107 29052
31206 29110
31252 29198
31256 29278
31259 29307
31277 29378
31360 29385
31405 29465
31498 29480
31530 29525
31561 29571
31606 29647
31692 29719
31712 29784
31800 29805
31833 29850
31837 29881
31934 29911
32023 29924
32097 29972
32104 30010
32141 30039
32191 30127
32217 30188
32260 30236
32261 30304
32269 30389
32364 30411
32398 30451
32458 30513
32549 30572
32567 30591
32651 30656
32673 30746
32752 30805
32843 30818
32884 30844
32964 30877
32981 30961
32983 30963
33028 31055
33083 31145
33139 31153
33140 31178
33193 31189
33209 31258
33301 31293
33324 31358
33416 31445
33467 31480
33497 31564
33531 31663
33599 31749
33693 31795
33779 31806
33780 31879
33827 31976
33917 32009
33956 32022
33990 32060
34070 32087
34156 32141
34197 32208
34260 32220
34265 32232
34290 32287
34371 32291
34468 32347
34555 32394
34613 32410
34689 32479
34718 32546
34810 32547
34863 32560
34920 32633
34957 32680
34983 32750
35013 32836
35045 32839
35119 32898
35162 32930
35242 33026
35306 33097
35371 33158
35390 33179
35474 33264
35503 33319
35512 33402
35520 33446
35567 33469
35576 33485
35628 33566
35666 33609
35679 33664
35740 33685
35808 33754
35887 33821
35895 33849
35993 33861
36052 33908
36149 33968
36211 33979
36256 34061
36338 34149
36370 34213
36424 34252
36522 34282
36590 34353
36600 34393
36684 34409
36732 34440
36739 34489
36824 34511
36880 34601
36937 34623
36941 34681
36956 34695
36998 34738
37047 34744
37086 34831
37130 34918
37168 34995
37199 35026
37241 35029
37341 35127
37434 35139
37471 35236
37537 35255
37597 35327
37678 35408
37701 35443
37702 35495
37760 35529
37772 35561
37802 35615
37871 35685
37916 35741
37999 35780
38098 35781
38166 35880
38214 35920
38282 36018
38316 36019
38362 36023
38425 36090
38456 36164
38484 36263
38508 36275
38513 36331
38607 36421
38635 36492
38688 36579
38754 36652
38826 36677
38898 36741
38925 36769
39007 36837
39092 36845
39160 36898
39188 36900
39195 36918
39219 36956
39249 36997
39267 37062
39306 37092
39343 37156
39377 37237
39403 37332
39487 37373
39492 37388
39521 37405
39536 37442
39633 37527
39717 37581
39774 37589
39797 37642
39833 37683
39842 37781
39890 37851
39898 37871
39913 37951
40008 38002
40100 38058
40112 38128
40157 38142
40244 38154
40286 38171
40300 38235
40400 38307
40436 38349
40483 38401
40518 38410
40584 38454
40654 38485
40682 38552
40715 38614
40813 38668
40880 38749
40936 38770
41017 38778
41100 38858
41171 38952
41265 39050
41266 39092
41291 39192
41352 39261
41396 39305
41398 39369
41426 39458
41454 39468
41547 39470
41609 39559
41628 39573
41720 39661
41757 39718
41842 39801
41921 39869
41965 39874
41974 39905
42016 39925
42039 39972
42058 40046
42157 40136
42229 40228
42271 40270
42339 40355
42406 40438
42414 40516
42493 40563
42586 40637
42673 40659
42752 40674
42786 40749
42789 40813
42863 40837
42906 40907
42984 40968
43076 41060
43086 41096
43164 41112
43219 41171
43311 41221
43318 41254
43368 41300
43397 41318
43491 41415
43515 41501
43576 41551
43637 41571
43650 41613
43719 41700
43760 41723
43856 41728
43936 41772
43962 41831
44027 41930
44100 41938
44145 42022
44146 42041
44229 42124
44273 42202
44339 42251
44389 42331
44399 42334
44473 42347
44533 42383
44613 42441
44697 42458
44744 42522
44817 42528
44862 42567
44866 42568
44958 42610
45013 42648
45073 42692
45165 42763
45187 42822
45208 42905
45300 42930
45378 42989
45420 43020
45510 43097
45574 43171
45591 43220
45603 43275
45648 43342
45691 43351
45779 43439
45859 43495
45873 43547
45893 43557
45960 43627
45984 43659
46010 43721
46050 43723
46121 43741
46218 43796
46315 43844
46386 43942
46465 44007
46538 44016
46580 44030
46658 44092
46749 44099
46786 44188
46787 44288
46800 44341
46841 44396
46872 44466
46898 44562
46903 44659
46938 44684
46960 44748
47032 44814
47064 44886
47116 44903
47212 44973
47280 44994
47290 45005
47327 45070
47360 45162
47454 45211
47548 45259
47605 45326
47646 45392
47720 45400
47809 45450
47895 45523
47942 45563
47965 45618
48031 45629
48114 45714
48205 45801
48293 45878
48364 45940
48457 45996
48523 46034
48554 46068
48621 46074
48629 46147
48648 46157
48680 46228
48752 46298
48820 46368
48912 46458
48952 46543
49039 46581
49124 46650
49147 46696
49236 46747
49255 46790
49328 46823
49330 46835
49398 46928
49485 47019
49542 47118
49549 47157
49606 47207
49637 47229
49714 47297
49728 47391
49774 47459
49841 47543
49893 47568
49993 47572
50058 47596
50093 47667
50111 47686
50144 47768
50182 47777
50223 47788
50245 47790
50263 47809
50355 47857
50421 47925
50507 47966
50606 48001
50701 48089
50702 48099
50773 48146
50832 48240
50856 48286
50916 48349
50974 48435
51019 48501
51092 48559
51178 48595
51262 48641
51267 48730
51317 48821
51354 48867
51426 48908
51469 48955
51542 49043
51619 49082
51676 49138
51740 49156
51819 49243
51901 49268
