1000 1000 8 6361840 6 8394997
1 1
19 88
102 90
127 134
168 218
255 276
306 331
375 415
454 433
502 500
541 575
640 597
707 614
785 649
814 691
821 701
846 714
909 771
1007 810
1047 811
1072 835
1102 881
1167 891
1252 965
1287 1056
1360 1086
1374 1162
1447 1170
1505 1257
1605 1261
1655 1293
1745 1372
1831 1458
1911 1475
1985 1499
2026 1541
2051 1587
2082 1602
2120 1629
2129 1658
2187 1661
2271 1697
2295 1760
2385 1777
2397 1836
2485 1920
2558 2005
2562 2070
2617 2083
2656 2099
2688 2104
2700 2120
2765 2151
2845 2228
2910 2309
2911 2375
2983 2403
3019 2488
3099 2544
3190 2549
3208 2595
3215 2685
3230 2740
3322 2835
3328 2870
3420 2892
3488 2904
3490 2973
3581 3029
3597 3101
3639 3126
3681 3134
3696 3234
3737 3265
3740 3364
3783 3421
3876 3491
3882 3584
3951 3668
3974 3698
3982 3752
4063 3800
4134 3886
4139 3913
4203 3928
4230 3948
4258 3998
4290 4051
4298 4139
4380 4207
4432 4225
4498 4294
4537 4338
4590 4384
4651 4472
4655 4510
4719 4567
4761 4627
4795 4677
4818 4722
4881 4725
4923 4812
4931 4879
4980 4930
5059 4996
5124 5084
5196 5160
5294 5186
5297 5204
5339 5237
5383 5330
5415 5427
5417 5517
5476 5564
5490 5575
5494 5600
5590 5647
5687 5726
5749 5763
5772 5793
5848 5870
5899 5954
5933 5955
6026 6051
6042 6141
6061 6180
6074 6188
6113 6272
6183 6280
6257 6356
6339 6447
6388 6464
6468 6473
6469 6491
6523 6543
6622 6623
6667 6701
6741 6735
6811 6800
6892 6805
6979 6862
7061 6896
7118 6935
7143 6983
7149 7078
7150 7112
7197 7146
7256 7173
7266 7272
7268 7321
7278 7354
7334 7422
7405 7485
7431 7501
7474 7542
7514 7557
7545 7629
7620 7723
7720 7796
7721 7823
7775 7914
7828 7971
7886 7979
7922 8006
7972 8028
7973 8116
8010 8163
8047 8235
8067 8266
8109 8288
8207 8303
8276 8324
8296 8372
8334 8454
8424 8491
8440 8551
8497 8592
8578 8689
8649 8705
8701 8793
8784 8849
8809 8891
8885 8910
8942 8997
8989 9037
9049 9087
9094 9152
9168 9186
9237 9212
9279 9239
9281 9259
9305 9328
9388 9346
9447 9348
9531 9419
9602 9508
9664 9560
9736 9604
9781 9617
9863 9696
9874 9715
9880 9749
9949 9811
9950 9879
9967 9906
10033 9956
10116 9963
10127 10008
10192 10049
10267 10128
10291 10212
10317 10269
10397 10274
10431 10346
10453 10401
10520 10484
10581 10556
10632 10638
10685 10693
10692 10787
10775 10798
10829 10831
10838 10913
10905 10978
10965 11063
10976 11161
11021 11214
11049 11262
11084 11353
11160 11367
11208 11431
11266 11485
11297 11501
11336 11537
11386 11579
11425 11646
11522 11648
11606 11700
11698 11729
11709 11785
11758 11831
11830 11872
11837 11898
11844 11953
11870 12015
11929 12068
11954 12144
11984 12160
12007 12195
12086 12259
12106 12272
12176 12366
12275 12463
12343 12467
12356 12499
12400 12559
12438 12595
12491 12644
12527 12674
12623 12766
12689 12815
12727 12858
12793 12872
12874 12935
12959 12955
12999 13031
13060 13050
13086 13079
13185 13160
13249 13162
13304 13240
13341 13275
13427 13325
13509 13369
13553 13407
13569 13457
13651 13555
13714 13611
13812 13682
13861 13768
13934 13824
14034 13920
14047 13983
14074 14030
14128 14075
14140 14170
14228 14238
14238 14283
14290 14363
14326 14375
14396 14471
14460 14560
14550 14630
14599 14686
14613 14738
14683 14753
14685 14785
14748 14805
14764 14859
14829 14933
14880 14966
14899 14979
14956 14984
15050 15035
15066 15047
15107 15134
15115 15195
15200 15202
15260 15267
15303 15327
15353 15329
15440 15376
15509 15392
15576 15421
15597 15437
15695 15472
15783 15557
15858 15609
15923 15610
15927 15625
15969 15656
16062 15707
16067 15743
16087 15835
16151 15867
16199 15940
16216 16036
16232 16083
16324 16104
16352 16124
16373 16185
16412 16257
16483 16315
16509 16406
16544 16456
16579 16509
16622 16554
16677 16578
16753 16594
16766 16650
16794 16727
16857 16747
16872 16818
16921 16820
16962 16847
16967 16860
17045 16904
17073 16973
17107 17048
17157 17050
17231 17128
17321 17225
17407 17296
17451 17379
17524 17425
17615 17460
17635 17479
17671 17486
17705 17538
17788 17598
17795 17674
17871 17733
17893 17748
17963 17779
17975 17805
18040 17879
18083 17894
18172 17945
18227 17981
18262 18062
18329 18089
18429 18125
18525 18218
18564 18272
18572 18337
18598 18368
18646 18413
18717 18500
18763 18576
18829 18637
18870 18647
18929 18729
19018 18732
19052 18785
19147 18792
19217 18820
19301 18863
19337 18931
19405 19001
19412 19035
19454 19135
19551 19174
19558 19221
19626 19238
19698 19241
19728 19321
19817 19330
19884 19357
19930 19428
20004 19485
20025 19566
20058 19610
20151 19690
20179 19729
20210 19783
20251 19830
20277 19831
20353 19923
20395 20002
20448 20034
20515 20056
20605 20095
20628 20130
20675 20163
20681 20199
20740 20201
20824 20240
20898 20309
20965 20310
20982 20395
21026 20436
21079 20520
21099 20602
21164 20630
21252 20673
21340 20702
21433 20776
21462 20785
21559 20853
21641 20877
21664 20974
21668 21004
21725 21040
21789 21055
21834 21086
21889 21133
21982 21198
22044 21280
22076 21306
22170 21366
22185 21450
22251 21549
22315 21575
22319 21632
22334 21699
22361 21774
22423 21805
22452 21811
22506 21813
22511 21830
22600 21841
22687 21909
22732 21910
22784 21956
22863 22050
22927 22122
23004 22130
23033 22225
23122 22320
23220 22364
23298 22445
23324 22483
23380 22486
23465 22512
23556 22592
23577 22639
23646 22706
23673 22710
23742 22796
23780 22854
23862 22925
23945 23000
24026 23042
24089 23108
24096 23173
24155 23272
24174 23333
24225 23419
24279 23438
24334 23461
24376 23520
24383 23544
24476 23564
24538 23656
24592 23733
24686 23820
24760 23836
24855 23854
24907 23862
24946 23949
25010 24012
25079 24055
25101 24084
25196 24100
25219 24170
25250 24228
25273 24229
25285 24270
25292 24295
25386 24317
25472 24346
25537 24440
25566 24511
25664 24520
25691 24567
25733 24606
25739 24638
25798 24673
25881 24674
25968 24737
26010 24767
26108 24798
26163 24884
26237 24888
26312 24961
26319 24982
26369 25068
26418 25080
26444 25092
26479 25100
26519 25110
26538 25148
26618 25183
26690 25213
26731 25273
26831 25280
26854 25332
26948 25397
26981 25467
27001 25482
27033 25522
27051 25608
27061 25623
27116 25670
27146 25707
27178 25771
27229 25789
27278 25861
27357 25932
27447 25954
27526 25990
27596 26015
27600 26107
27628 26174
27673 26210
27710 26310
27770 26368
27806 26386
27840 26454
27861 26488
27917 26536
27940 26567
27943 26650
27992 26702
28062 26789
28127 26867
28160 26915
28170 26999
28252 27039
28307 27077
28377 27145
28420 27229
28488 27242
28587 27317
28632 27333
28688 27375
28772 27455
28860 27496
28879 27579
28909 27625
28948 27643
28999 27673
29028 27761
29080 27765
29084 27824
29138 27836
29232 27842
29245 27915
29248 28009
29337 28063
29339 28082
29343 28140
29416 28238
29503 28259
29517 28337
29595 28385
29622 28473
29696 28535
29748 28574
29825 28668
29838 28707
29929 28726
30014 28787
30109 28867
30209 28879
30274 28972
30370 28991
30414 29090
30464 29159
30497 29179
30557 29264
30594 29284
30689 29336
30738 29374
30802 29404
30844 29440
30897 29450
30937 29510
30959 29546
31050 29601
31063 29620
31100 29699
31117 29762
31196 29795
31243 29877
31261 29891
31353 29919
31401 29923
31449 29938
31490 30005
31590 30096
31597 30183
31598 30195
31636 30232
31720 30274
31745 30319
31774 30361
31783 30433
31813 30516
31836 30543
31842 30623
31917 30681
31947 30712
32019 30796
32037 30896
32105 30992
32191 31039
32206 31120
32260 31126
32289 31171
32299 31193
32351 31232
32373 31319
32443 31403
32447 31453
32493 31495
32590 31531
32604 31582
32703 31603
32772 31646
32808 31669
32896 31677
32953 31679
32967 31768
32987 31789
33002 31801
33068 31806
33087 31825
33099 31920
33129 31970
33182 32037
33191 32098
33204 32175
33245 32183
33277 32226
33325 32276
33368 32315
33381 32327
33391 32419
33488 32486
33551 32563
33648 32582
33738 32637
33760 32724
33779 32769
33852 32825
33948 32881
34017 32975
34063 33047
34115 33056
34137 33123
34141 33171
34168 33229
34243 33276
34270 33339
34302 33405
34400 33474
34457 33552
34532 33608
34627 33631
34632 33709
34709 33717
34806 33814
34824 33876
34840 33895
34896 33921
34987 33945
35076 34021
35121 34065
35190 34089
35218 34092
35236 34181
35291 34214
35367 34288
35453 34381
35547 34455
35592 34491
35628 34505
35640 34550
35729 34575
35758 34606
35847 34656
35887 34668
35926 34699
36019 34741
36041 34756
36137 34779
36223 34868
36307 34889
36399 34919
36487 34945
36578 35028
36607 35061
36647 35139
36653 35169
36689 35245
36706 35250
36789 35330
36816 35342
36836 35437
36875 35528
36904 35586
36926 35683
37018 35767
37030 35777
37039 35804
37093 35813
37151 35832
37221 35924
37239 35949
37317 35960
37380 36054
37454 36152
37479 36157
37553 36180
37559 36194
37598 36274
37620 36321
37706 36399
37800 36499
37897 36565
37924 36581
37944 36595
38031 36683
38112 36713
38205 36774
38217 36811
38298 36824
38352 36858
38449 36907
38504 36925
38570 36988
38613 37003
38633 37026
38703 37104
38781 37200
38826 37220
38875 37233
38967 37255
39062 37282
39068 37369
39143 37436
39157 37451
39175 37509
39211 37600
39311 37629
39351 37687
39444 37728
39466 37736
39559 37756
39640 37834
39707 37880
39765 37976
39799 38076
39896 38163
39963 38258
40051 38354
40099 38404
40197 38421
40205 38498
40243 38571
40315 38631
40363 38713
40373 38754
40446 38769
40461 38832
40505 38834
40547 38933
40634 39018
40701 39071
40760 39082
40833 39099
40863 39157
40931 39200
40960 39266
41002 39349
41090 39367
41142 39439
41219 39458
41252 39499
41287 39540
41312 39585
41341 39637
41353 39699
41368 39750
41394 39766
41475 39835
41540 39841
41551 39843
41611 39892
41624 39982
41684 40030
41750 40066
41828 40124
41923 40134
42018 40196
42093 40248
42101 40301
42161 40355
42188 40454
42198 40523
42219 40575
42300 40620
42368 40716
42411 40784
42441 40794
42524 40876
42548 40911
42634 40935
42691 40938
42727 40983
42782 41005
42790 41097
42840 41161
42934 41248
42964 41343
42967 41375
43052 41398
43129 41436
43196 41523
43275 41555
43373 41602
43452 41653
43461 41696
43510 41776
43558 41788
43611 41816
43711 41897
43793 41990
43826 42036
43830 42114
43919 42168
43937 42190
43949 42207
43985 42260
44016 42344
44101 42378
44134 42442
44185 42487
44205 42562
44281 42629
44360 42710
44415 42714
44493 42766
44529 42792
44604 42877
44624 42960
44673 43042
44722 43059
44748 43069
44822 43169
44864 43244
44905 43296
44934 43389
45019 43482
45096 43501
45164 43587
45207 43588
45281 43626
45325 43671
45363 43736
45366 43755
45389 43779
45397 43870
45446 43962
45516 44015
45552 44070
45650 44123
45716 44128
45776 44192
45824 44272
45855 44291
45888 44316
45902 44350
45956 44366
45967 44394
45970 44475
45999 44538
46001 44620
46050 44631
46068 44711
46084 44785
46133 44799
46140 44863
46141 44911
46217 44977
46272 45026
46294 45080
46298 45159
46314 45249
46336 45323
46337 45420
46388 45470
46424 45527
46522 45623
46547 45678
46565 45705
46644 45798
46686 45831
46753 45838
46777 45930
46834 45964
46920 46028
46996 46084
47076 46156
47163 46186
47227 46242
47283 46311
47313 46386
47393 46393
47412 46417
47436 46478
47492 46575
47583 46624
47613 46684
47669 46686
47671 46764
47676 46781
47739 46806
47837 46853
47908 46924
47920 46975
47998 46981
48019 47016
48055 47099
48093 47190
48112 47228
48200 47251
48237 47320
48327 47405
48345 47450
48427 47477
48472 47498
48489 47525
48535 47534
48601 47584
48627 47595
48638 47692
48671 47706
48685 47729
48762 47744
48811 47748
48894 47841
48951 47861
49034 47949
49053 47976
49135 48050
49222 48134
49282 48166
49365 48190
49388 48270
49410 48341
49451 48422
49514 48467
49522 48480
49538 48518
49558 48588
49569 48593
49614 48600
49645 48620
49708 48663
49777 48760
49836 48798
49920 48808
49990 48822
50015 48834
50092 48866
50129 48908
50211 48933
50277 48940
