1000 1000 8 6301124 8 5939002
1 1
84 70
150 141
218 162
293 168
308 198
396 229
424 259
493 355
497 420
531 446
545 534
628 623
715 676
724 726
789 801
793 868
835 938
856 1017
932 1074
1003 1107
1026 1156
1036 1233
1038 1320
1122 1419
1210 1463
1275 1491
1363 1531
1390 1549
1436 1566
1521 1610
1599 1630
1665 1701
1762 1759
1823 1820
1923 1841
1935 1913
1957 1970
1988 2001
2070 2100
2110 2135
2159 2192
2199 2226
2209 2315
2276 2347
2280 2376
2293 2418
2338 2464
2351 2537
2374 2592
2432 2684
2476 2761
2522 2799
2601 2860
2624 2905
2626 2951
2683 2976
2771 3015
2791 3059
2794 3098
2852 3170
2942 3256
2963 3292
3049 3305
3133 3307
3155 3319
3234 3325
3308 3333
3354 3360
3384 3444
3403 3456
3439 3554
3477 3560
3483 3602
3570 3682
3574 3692
3649 3755
3745 3771
3807 3845
3832 3879
3872 3934
3910 4028
4000 4100
4017 4165
4029 4241
4126 4262
4183 4320
4193 4372
4221 4416
4267 4463
4315 4508
4343 4587
4432 4594
4510 4639
4574 4685
4584 4704
4669 4715
4723 4792
4767 4824
4770 4920
4797 4956
4824 5037
4900 5073
4941 5163
4985 5230
4998 5304
5079 5403
5136 5475
5174 5477
5259 5521
5270 5530
5346 5581
5398 5618
5448 5698
5455 5722
5553 5728
5633 5798
5665 5864
5687 5893
5766 5946
5846 5951
5888 5958
5896 6030
5917 6050
6009 6133
6017 6192
6061 6204
6139 6273
6190 6309
6258 6390
6312 6449
6356 6502
6427 6539
6429 6554
6519 6596
6586 6613
6650 6683
6709 6759
6712 6807
6768 6824
6862 6895
6939 6897
7016 6902
7081 6969
7085 6977
7112 6996
7126 7069
7221 7082
7224 7125
7303 7185
7324 7231
7329 7312
7379 7359
7443 7398
7452 7420
7494 7479
7567 7532
7627 7612
7661 7626
7666 7694
7710 7766
7770 7784
7793 7858
7799 7886
7845 7906
7937 7935
7991 7998
8073 8025
8095 8045
8192 8105
8265 8159
8363 8170
8416 8222
8417 8322
8463 8405
8517 8437
8579 8529
8676 8614
8716 8691
8810 8773
8889 8850
8954 8936
8986 8944
8997 8946
8999 9023
9075 9027
9165 9075
9191 9090
9233 9135
9279 9177
9346 9192
9432 9217
9439 9261
9489 9292
9543 9306
9623 9393
9710 9461
9785 9474
9848 9555
9909 9624
9962 9649
10059 9705
10113 9753
10146 9793
10209 9882
10254 9972
10333 10000
10349 10062
10425 10070
10513 10082
10515 10122
10569 10125
10619 10169
10638 10216
10730 10258
10782 10357
10877 10429
10924 10483
10953 10563
10994 10608
11062 10688
11109 10738
11191 10787
11287 10808
11350 10890
11393 10902
11428 10971
11438 11064
11487 11151
11503 11219
11526 11232
11612 11276
11694 11308
11732 11345
11778 11364
11809 11381
11863 11440
11902 11482
11976 11494
11989 11562
12083 11636
12138 11728
12146 11802
12147 11809
12183 11878
12262 11942
12358 12022
12448 12113
12511 12131
12590 12215
12662 12282
12719 12306
12755 12364
12806 12458
12843 12551
12887 12644
12922 12688
12942 12709
12979 12806
13048 12902
13122 12973
13138 13039
13158 13076
13222 13171
13256 13231
13260 13331
13330 13429
13408 13436
13430 13480
13506 13538
13513 13578
13606 13599
13688 13661
13741 13703
13747 13755
13759 13770
13783 13851
13832 13914
13925 13997
14022 14003
14094 14083
14184 14125
14215 14158
14308 14164
14372 14257
14431 14316
14457 14354
14546 14388
14602 14481
14659 14575
14708 14595
14761 14686
14766 14728
14842 14753
14931 14785
14964 14860
15047 14943
15107 14969
15171 15035
15237 15120
15256 15217
15349 15269
15375 15343
15461 15440
15499 15445
15558 15533
15577 15534
15624 15596
15627 15685
15673 15694
15691 15762
15785 15771
15818 15822
15870 15823
15919 15886
15929 15915
15980 15934
16005 15984
16090 16005
16158 16057
16235 16129
16247 16194
16330 16218
16354 16225
16380 16282
16428 16364
16457 16459
16509 16502
16602 16600
16674 16670
16744 16755
16802 16825
16837 16878
16857 16879
16957 16968
16980 17007
17041 17062
17068 17076
17127 17095
17226 17195
17232 17268
17245 17285
17295 17348
17300 17350
17395 17359
17440 17401
17490 17499
17491 17508
17577 17567
17608 17640
17649 17678
17674 17700
17766 17768
17774 17792
17874 17793
17941 17797
18014 17879
18017 17924
18076 18009
18093 18057
18139 18147
18157 18151
18214 18251
18257 18337
18296 18379
18379 18417
18398 18463
18456 18494
18556 18583
18642 18599
18702 18678
18731 18760
18734 18804
18826 18871
18831 18879
18887 18895
18960 18911
19058 18960
19110 19057
19117 19097
19208 19122
19284 19199
19384 19267
19463 19269
19480 19285
19492 19356
19536 19410
19542 19504
19571 19507
19596 19534
19613 19583
19630 19673
19661 19771
19683 19856
19717 19928
19737 19973
19782 20064
19872 20085
19888 20110
19943 20163
19976 20186
20022 20191
20061 20224
20141 20292
20154 20372
20238 20390
20297 20409
20393 20419
20493 20509
20570 20576
20637 20611
20707 20698
20798 20794
20833 20835
20850 20866
20895 20947
20899 21037
20993 21052
21072 21106
21114 21170
21198 21265
21204 21348
21207 21397
21261 21424
21353 21469
21358 21549
21419 21560
21423 21586
21466 21652
21483 21660
21533 21739
21620 21838
21644 21841
21651 21932
21721 21968
21820 22049
21854 22142
21895 22146
21931 22192
21944 22206
21958 22252
22016 22339
22085 22389
22089 22469
22129 22524
22172 22595
22246 22666
22273 22735
22322 22776
22341 22870
22422 22965
22506 23008
22532 23080
22543 23139
22611 23213
22700 23307
22720 23370
22764 23436
22854 23486
22911 23542
22963 23606
23041 23661
23094 23675
23147 23682
23212 23748
23300 23845
23349 23847
23397 23859
23418 23919
23434 24004
23460 24056
23551 24060
23557 24080
23572 24131
23633 24177
23644 24254
23732 24279
23812 24341
23838 24367
23911 24413
23967 24482
24046 24554
24142 24611
24224 24618
24232 24669
24286 24747
24313 24784
24370 24884
24467 24982
24502 24993
24546 25011
24570 25095
24600 25169
24677 25171
24744 25196
24814 25248
24843 25249
24852 25333
24938 25395
25017 25447
25072 25524
25078 25525
25141 25588
25145 25683
25201 25698
25280 25777
25287 25824
25381 25896
25417 25918
25471 25943
25562 25980
25623 26006
25700 26073
25751 26136
25779 26209
25854 26216
25886 26292
25918 26310
25958 26341
26019 26420
26115 26452
26121 26470
26148 26535
26195 26544
26249 26589
26263 26634
26335 26719
26366 26774
26432 26841
26450 26889
26482 26912
26549 26955
26619 26972
26648 26984
26650 27067
26695 27130
26781 27135
26809 27190
26848 27200
26893 27236
26951 27269
26965 27345
27030 27369
27115 27447
27165 27530
27258 27546
27329 27621
27351 27660
27356 27692
27388 27783
27408 27813
27432 27849
27460 27850
27547 27893
27559 27966
27588 28063
27634 28157
27680 28219
27735 28299
27778 28395
27869 28490
27886 28519
27951 28544
28044 28598
28106 28631
28162 28660
28218 28683
28237 28746
28251 28785
28327 28808
28350 28896
28388 28995
28450 29030
28512 29077
28586 29154
28634 29178
28670 29234
28685 29279
28696 29297
28761 29298
28800 29368
28813 29400
28839 29408
28844 29449
28899 29452
28941 29491
29016 29532
29023 29597
29032 29638
29083 29729
29177 29762
29192 29838
29280 29854
29340 29928
29434 29951
29487 30039
29557 30069
29622 30101
29710 30182
29761 30241
29802 30308
29829 30317
29884 30333
29903 30358
29987 30426
30037 30486
30132 30578
30182 30668
30200 30742
30253 30812
30301 30859
30389 30868
30436 30869
30531 30963
30600 30977
30680 31067
30682 31156
30754 31209
30763 31269
30819 31304
30840 31377
30864 31393
30903 31442
30970 31451
31053 31478
31146 31573
31156 31644
31231 31743
31254 31816
31270 31873
31291 31959
31373 31976
31439 32059
31517 32062
31552 32103
31589 32104
31684 32194
31762 32283
31775 32324
31788 32356
31802 32430
31878 32489
31930 32529
31967 32547
32040 32595
32139 32596
32185 32686
32235 32755
32267 32824
32324 32857
32328 32874
32353 32973
32428 33031
32455 33129
32502 33160
32519 33172
32579 33261
32607 33361
32663 33438
32756 33528
32831 33582
32857 33589
32879 33617
32951 33690
33020 33752
33022 33838
33071 33881
33097 33928
33172 33986
33214 33997
33254 34009
33256 34049
33321 34134
33349 34157
33374 34244
33474 34315
33509 34334
33593 34360
33672 34396
33770 34493
33845 34500
33939 34555
34023 34655
34120 34672
34141 34680
34160 34683
34165 34739
34251 34746
34257 34800
34263 34819
34311 34891
34386 34925
34480 34982
34505 35051
34514 35109
34518 35183
34581 35207
34668 35232
34708 35265
34788 35331
34854 35370
34942 35465
35040 35473
35042 35486
35108 35581
35111 35638
35191 35667
35262 35674
35327 35726
35349 35781
35351 35806
35389 35860
35393 35899
35451 35986
35543 36010
35593 36076
35657 36165
35710 36199
35744 36293
35780 36342
35862 36378
35914 36461
35962 36476
36033 36544
36116 36548
36151 36561
36238 36606
36260 36633
36320 36659
36399 36723
36442 36776
36490 36866
36540 36914
36568 36935
36629 37010
36688 37098
36715 37132
36801 37142
36897 37166
36947 37167
36957 37208
36969 37307
36987 37311
37085 37344
37117 37362
37179 37378
37241 37393
37296 37396
37333 37414
37392 37481
37421 37560
37494 37591
37540 37635
37615 37653
37661 37730
37729 37809
37743 37817
37836 37874
37901 37914
37910 37935
37926 37992
37990 37994
37998 37996
38002 38086
38026 38175
38078 38246
38089 38270
38099 38354
38174 38399
38212 38490
38255 38507
38303 38543
38378 38632
38436 38694
38464 38707
38518 38753
38558 38848
38657 38919
38734 38968
38746 39003
38822 39085
38877 39179
38917 39257
38961 39321
38980 39404
39056 39485
39115 39543
39185 39640
39222 39739
39310 39826
39405 39854
39447 39909
39476 39978
39569 40011
39579 40086
39591 40110
39686 40199
39764 40255
39842 40336
39921 40402
40009 40470
40044 40536
40095 40588
40128 40598
40146 40685
40195 40761
40285 40803
40326 40810
40330 40827
40412 40920
40413 40983
40500 41068
40576 41120
40590 41130
40620 41140
40684 41173
40779 41233
40793 41298
40890 41351
40898 41384
40943 41393
40993 41481
41058 41529
41123 41605
41176 41644
41193 41688
41279 41700
41299 41798
41348 41869
41388 41879
41392 41943
41423 42008
41427 42086
41436 42127
41530 42194
41622 42224
41678 42300
41729 42329
41779 42425
41827 42458
41861 42521
41893 42606
41895 42634
41913 42647
41915 42736
41947 42821
42044 42839
42114 42920
42184 43007
42272 43063
42293 43118
42331 43154
42350 43210
42443 43295
42495 43310
42579 43387
42646 43476
42707 43574
42727 43654
42789 43686
42830 43770
42899 43868
42949 43960
42983 44013
43032 44111
43086 44116
43169 44160
43247 44180
43279 44204
43366 44242
43410 44245
43506 44335
43575 44365
43591 44386
43672 44479
43759 44513
43803 44516
43880 44577
43911 44637
43998 44649
44074 44744
44135 44816
44200 44822
44203 44840
44280 44918
44355 45010
44453 45049
44520 45114
44589 45156
44636 45186
44673 45222
44755 45321
44811 45323
44904 45335
44971 45395
45057 45441
45140 45489
45231 45510
45322 45608
45327 45643
45365 45652
45380 45677
45400 45732
45426 45798
45517 45837
45582 45890
45628 45959
45669 45970
45680 46048
45686 46145
45745 46202
45795 46236
45841 46261
45843 46310
45936 46348
45972 46415
45991 46482
46007 46576
46025 46660
46118 46723
46182 46760
46198 46800
46286 46832
46303 46922
46312 47005
46410 47056
46462 47073
46513 47128
46537 47198
46637 47220
46703 47256
46776 47296
46819 47300
46824 47327
46893 47358
46958 47367
47045 47368
47079 47390
47086 47468
47184 47481
47242 47487
47266 47575
47327 47594
47331 47693
47376 47720
47427 47771
47481 47855
47503 47935
47511 48010
47541 48032
47547 48096
47570 48137
47607 48147
47669 48203
47755 48284
47798 48356
47872 48432
47970 48506
48042 48563
48127 48638
48141 48669
48193 48750
48198 48834
48219 48909
48275 49000
48318 49028
48334 49042
48386 49124
48449 49176
48543 49232
48548 49312
48599 49411
48653 49421
48690 49472
48725 49483
48793 49531
48822 49596
48842 49628
48891 49720
48931 49799
48963 49854
49030 49903
49111 49922
49201 49956
49208 50038
49214 50086
49283 50097
49358 50187
49392 50228
49426 50266
49491 50313
49533 50354
49597 50438
49658 50528
49702 50530
49752 50557
49829 50563
49831 50615
49844 50672
49853 50717
