100 100 8 5798516 3 7683968
1 1
26 73
46 129
105 167
136 192
162 249
193 295
204 354
257 372
352 428
444 450
487 465
488 531
491 549
562 610
629 619
715 716
739 721
806 762
896 783
907 861
944 879
981 961
991 991
1060 1076
1100 1090
1142 1120
1204 1195
1286 1221
1357 1294
1391 1295
1422 1356
1481 1387
1506 1405
1526 1497
1566 1596
1581 1695
1609 1724
1641 1819
1650 1908
1703 1929
1717 1986
1768 2059
1859 2153
1953 2184
2026 2201
2041 2255
2134 2287
2208 2319
2286 2340
2355 2347
2382 2411
2394 2468
2459 2508
2553 2521
2557 2604
2655 2626
2696 2714
2726 2743
2737 2777
2834 2790
2902 2864
2937 2945
2964 2968
2983 2971
3036 3036
3078 3079
3134 3144
3167 3152
3170 3177
3172 3264
3200 3317
3213 3373
3293 3420
3380 3510
3426 3594
3507 3682
3518 3757
3547 3819
3632 3870
3640 3959
3651 4058
3688 4138
3702 4177
3726 4210
3807 4293
3821 4351
3867 4405
3963 4502
4054 4536
4056 4560
4134 4624
4204 4720
4275 4795
4318 4895
4327 4948
4415 4956
4477 5053
4509 5151
4534 5215
