1000 1000 8 5871240 8 6011267
1 1
18 59
23 81
85 84
174 142
181 231
187 304
214 317
272 405
287 453
331 477
400 501
421 532
439 540
509 626
581 722
639 785
645 847
712 850
734 896
822 921
909 992
955 1089
990 1168
996 1208
1091 1269
1164 1312
1179 1344
1209 1359
1231 1368
1292 1449
1294 1525
1336 1597
1394 1655
1456 1686
1541 1732
1550 1800
1620 1844
1670 1903
1688 1978
1717 2027
1799 2059
1874 2067
1925 2096
1947 2126
1950 2157
1962 2235
1977 2293
1990 2317
2082 2396
2120 2459
2126 2557
2209 2561
2308 2598
2380 2631
2427 2697
2510 2730
2511 2731
2576 2756
2660 2847
2699 2863
2771 2963
2830 3027
2917 3103
2948 3139
3013 3148
3038 3218
3070 3221
3103 3268
3112 3325
3144 3415
3156 3422
3241 3471
3278 3507
3346 3602
3404 3653
3463 3687
3536 3783
3620 3882
3653 3904
3739 3977
3813 4041
3891 4127
3946 4215
3993 4267
4028 4356
4062 4416
4108 4460
4142 4496
4205 4542
4209 4634
4292 4664
4299 4755
4348 4772
4385 4819
4478 4879
4568 4911
4576 4984
4626 5040
4638 5124
4690 5185
4717 5256
4768 5320
4838 5336
4864 5403
4929 5450
4950 5527
5031 5567
5036 5619
5097 5706
5167 5799
5204 5844
5299 5870
5320 5945
5399 6002
5411 6043
5495 6061
5511 6068
5592 6094
5669 6144
5699 6180
5764 6263
5831 6296
5845 6365
5942 6425
5989 6519
5993 6577
6068 6600
6096 6641
6134 6657
6143 6700
6213 6792
6286 6795
6378 6855
6406 6856
6418 6897
6420 6962
6495 7022
6569 7030
6611 7115
6689 7163
6722 7207
6758 7279
6771 7372
6781 7380
6809 7409
6902 7487
6965 7491
7017 7524
7062 7602
7134 7670
7208 7768
7269 7808
7291 7889
7369 7916
7463 7983
7474 8022
7543 8047
7616 8077
7649 8078
7663 8101
7747 8114
7833 8167
7856 8248
7904 8300
7927 8385
7953 8412
7968 8462
8048 8515
8117 8543
8161 8574
8226 8599
8302 8651
8359 8736
8365 8743
8367 8798
8369 8832
8397 8890
8401 8982
8500 9045
8590 9125
8645 9146
8653 9238
8732 9327
8797 9376
8837 9460
8870 9476
8909 9539
8981 9582
8993 9667
9018 9763
9061 9792
9073 9846
9118 9946
9216 10002
9264 10046
9348 10109
9402 10147
9443 10220
9509 10261
9524 10335
9542 10403
9595 10494
9659 10570
9728 10660
9813 10758
9845 10826
9915 10892
9952 10972
10013 11054
10034 11088
10077 11094
10091 11118
10098 11217
10171 11262
10225 11330
10227 11339
10327 11416
10368 11475
10467 11539
10551 11611
10620 11652
10716 11717
10753 11757
10828 11811
10866 11905
10902 11917
10948 11919
11002 11962
11038 12013
11106 12075
11133 12089
11197 12177
11243 12198
11305 12225
11350 12276
11444 12357
11502 12456
11541 12515
11572 12604
11599 12667
11638 12735
11655 12757
11737 12820
11752 12855
11849 12929
11896 12958
11972 12976
12011 13071
12025 13092
12083 13153
12125 13173
12137 13199
12224 13293
12292 13320
12363 13415
12410 13501
12495 13564
12507 13646
12525 13680
12550 13687
12574 13772
12642 13781
12737 13826
12741 13856
12747 13882
12795 13908
12798 13992
12843 14042
12899 14122
12906 14135
12962 14179
12975 14204
13071 14290
13163 14309
13218 14383
13252 14396
13287 14479
13310 14525
13406 14591
13452 14663
13469 14699
13557 14761
13624 14838
13637 14922
13671 14935
13735 14983
13777 15074
13845 15169
13871 15255
13964 15295
13987 15319
14003 15370
14064 15435
14086 15512
14111 15521
14192 15577
14220 15653
14277 15690
14372 15712
14386 15811
14462 15812
14496 15910
14524 15963
14553 15967
14590 16017
14667 16082
14714 16102
14799 16116
14844 16137
14925 16226
14995 16261
15083 16361
15115 16387
15210 16447
15227 16485
15275 16523
15375 16581
15468 16589
15485 16685
15509 16699
15535 16755
15540 16757
15569 16768
15664 16808
15709 16876
15785 16912
15854 16991
15925 17043
15926 17136
15930 17162
15962 17171
16011 17251
16014 17331
16049 17401
16053 17410
16144 17424
16204 17493
16208 17542
16296 17632
16377 17638
16471 17703
16476 17758
16570 17835
16579 17861
16594 17934
16681 18032
16765 18129
16842 18178
16853 18244
16862 18341
16871 18418
16939 18465
17000 18482
17079 18557
17114 18649
17170 18726
17246 18825
17287 18864
17302 18895
17390 18957
17447 19016
17450 19066
17467 19099
17521 19105
17571 19155
17589 19156
17672 19205
17763 19284
17771 19294
17788 19373
17867 19455
17868 19474
17891 19489
17963 19526
18056 19614
18145 19619
18161 19676
18194 19775
18259 19801
18265 19814
18327 19914
18411 19997
18419 20001
18480 20053
18556 20092
18573 20108
18590 20124
18680 20209
18693 20212
18736 20306
18770 20387
18827 20424
18900 20444
18986 20510
19007 20525
19042 20580
19127 20644
19172 20693
19229 20750
19262 20813
19277 20907
19364 20957
19419 20992
19507 21081
19527 21121
19562 21205
19647 21209
19690 21218
19735 21318
19799 21385
19848 21475
19897 21561
19959 21638
20000 21657
20011 21669
20026 21762
20126 21820
20199 21856
20237 21865
20267 21959
20352 22023
20414 22044
20464 22097
20509 22192
20525 22253
20557 22316
20646 22385
20685 22457
20772 22525
20832 22622
20912 22717
20920 22750
20946 22803
20988 22882
20993 22940
21040 23004
21050 23092
21058 23120
21081 23166
21173 23201
21267 23222
21304 23281
21340 23369
21372 23424
21428 23430
21448 23483
21449 23548
21497 23619
21526 23679
21527 23690
21575 23694
21597 23736
21603 23742
21608 23815
21693 23853
21719 23942
21771 23959
21863 23962
21931 24009
21940 24106
21959 24144
22023 24222
22059 24298
22126 24361
22182 24415
22221 24450
22237 24513
22322 24609
22367 24655
22423 24741
22500 24744
22569 24815
22579 24861
22594 24951
22653 25022
22746 25066
22808 25075
22811 25139
22821 25196
22856 25215
22941 25264
22985 25273
23010 25279
23023 25306
23065 25406
23127 25471
23183 25485
23212 25493
23270 25563
23275 25634
23342 25645
23392 25697
23474 25702
23516 25755
23595 25831
23602 25852
23677 25931
23721 25974
23796 26023
23884 26053
23898 26059
23925 26061
23941 26158
23983 26224
23988 26246
24012 26314
24030 26404
24053 26440
24153 26527
24198 26595
24234 26690
24309 26738
24346 26837
24428 26904
24439 26956
24525 26990
24546 27022
24575 27086
24664 27125
24698 27153
24728 27173
24744 27267
24791 27328
24802 27346
24847 27347
24917 27429
24920 27505
24933 27586
25015 27626
25085 27690
25137 27719
25229 27723
25235 27796
25302 27863
25312 27876
25344 27891
25358 27909
25374 27947
25407 28017
25475 28077
25527 28110
25596 28181
25694 28226
25752 28272
25777 28360
25840 28422
25918 28423
25972 28505
26049 28513
26052 28527
26147 28580
26236 28677
26325 28704
26368 28764
26401 28820
26426 28899
26492 28955
26528 29015
26627 29060
26677 29087
26724 29095
26762 29120
26807 29187
26901 29205
26976 29239
27076 29290
27117 29345
27204 29405
27291 29497
27353 29571
27444 29665
27515 29700
27532 29727
27542 29791
27632 29835
27681 29871
27766 29953
27768 30048
27809 30094
27820 30121
27872 30142
27970 30154
28007 30197
28044 30231
28091 30286
28140 30339
28174 30428
28187 30491
28214 30551
28234 30604
28291 30681
28306 30741
28337 30756
28421 30794
28436 30814
28512 30871
28605 30953
28625 30987
28684 31082
28739 31086
28788 31117
28823 31181
28907 31189
28975 31202
29005 31273
29012 31324
29107 31360
29200 31365
29230 31386
29252 31414
29280 31462
29333 31518
29420 31551
29466 31579
29552 31654
29596 31750
29652 31832
29699 31919
29704 31984
29790 32019
29824 32045
29883 32130
29891 32208
29934 32236
29987 32270
30055 32289
30058 32362
30118 32452
30167 32534
30252 32615
30261 32638
30292 32682
30326 32782
30420 32830
30493 32887
30569 32900
30587 32938
30641 33029
30675 33069
30764 33150
30783 33236
30804 33292
30808 33381
30892 33382
30987 33453
30999 33469
31070 33484
31084 33489
31177 33570
31237 33617
31266 33694
31303 33780
31362 33871
31387 33874
31474 33900
31548 33953
31606 34006
31625 34038
31700 34134
31748 34215
31813 34236
31887 34267
31918 34294
31983 34369
32004 34380
32087 34446
32150 34518
32235 34523
32250 34524
32350 34579
32410 34633
32441 34648
32502 34685
32600 34713
32659 34752
32671 34815
32723 34909
32737 34918
32818 35007
32833 35100
32897 35141
32905 35210
32966 35287
32991 35316
32996 35367
33003 35406
33068 35472
33096 35494
33183 35550
33251 35559
33278 35561
33376 35606
33434 35684
33446 35700
33464 35741
33519 35757
33591 35840
33690 35919
33757 35964
33761 36052
33798 36142
33866 36148
33931 36198
33954 36206
33998 36283
34048 36333
34140 36433
34141 36474
34153 36571
34173 36629
34174 36670
34200 36732
34212 36801
34295 36822
34387 36828
34455 36863
34549 36925
34566 36976
34651 37076
34718 37109
34757 37141
34817 37232
34834 37234
34838 37288
34913 37341
34915 37374
34932 37416
35027 37475
35055 37523
35153 37554
35165 37565
35239 37664
35312 37760
35350 37777
35438 37813
35527 37817
35593 37897
35673 37968
35700 38059
35760 38137
35795 38224
35873 38276
35887 38348
35909 38381
35947 38422
35974 38462
36054 38501
36136 38590
36184 38640
36231 38732
36278 38756
36308 38760
36383 38844
36440 38871
36506 38923
36534 38971
36594 39039
36643 39071
36675 39082
36715 39094
36739 39184
36790 39206
36890 39258
36981 39279
37028 39298
37057 39341
37139 39403
37233 39406
37291 39414
37299 39443
37325 39470
37341 39505
37421 39551
37481 39557
37510 39611
37527 39631
37612 39695
37693 39728
37734 39795
37793 39812
37823 39879
37838 39910
37855 39973
37870 40052
37889 40142
37904 40204
37948 40289
37953 40345
38027 40407
38029 40464
38115 40497
38170 40573
38210 40624
38304 40647
38384 40667
38425 40678
38522 40753
38558 40835
38651 40928
38719 40940
38809 40942
38858 40970
38956 41024
39031 41059
39059 41153
39116 41222
39169 41239
39187 41304
39202 41335
39247 41424
39279 41490
39312 41568
39399 41649
39478 41745
39544 41791
39639 41805
39728 41892
39755 41954
39830 41991
39887 42017
39969 42083
40044 42107
40119 42192
40191 42212
40223 42222
40231 42287
40269 42341
40369 42343
40400 42431
40499 42482
40573 42522
40580 42613
40621 42670
40708 42691
40782 42699
40865 42723
40918 42753
40988 42759
41038 42819
41074 42901
41164 42950
41248 42993
41304 43008
41331 43045
41365 43086
41416 43099
41514 43113
41517 43164
41604 43221
41634 43234
41646 43320
41647 43333
41702 43412
41754 43445
41829 43475
41888 43572
41927 43633
42025 43688
42083 43719
42127 43775
42185 43866
42215 43900
42277 43985
42325 44031
42345 44037
42346 44089
42349 44179
42377 44205
42433 44227
42496 44254
42581 44290
42669 44347
42756 44402
42802 44476
42830 44572
42856 44610
42934 44658
43024 44677
43045 44678
43115 44744
43129 44770
43170 44801
43250 44817
43319 44856
43352 44944
43412 45002
43499 45014
43561 45063
43584 45127
43605 45201
43699 45229
43733 45280
43743 45323
43804 45329
43830 45345
43863 45435
43869 45525
43891 45578
43967 45603
43994 45627
44021 45713
44106 45762
44117 45861
44195 45898
44244 45909
44318 45996
44376 46092
44406 46095
44448 46118
44450 46140
44458 46171
44483 46246
44498 46276
44588 46329
44618 46351
44674 46390
44763 46433
44862 46444
44867 46492
44883 46495
44918 46580
44940 46636
45027 46683
45067 46690
45151 46693
45209 46757
45242 46797
45266 46860
45311 46871
45326 46949
45351 46950
45433 47050
45492 47077
45568 47172
45590 47190
45677 47283
45732 47325
45745 47367
45760 47390
45813 47416
45913 47455
46007 47542
46092 47560
46120 47632
46139 47660
46181 47665
46272 47764
46298 47806
46393 47890
46488 47935
46504 47977
46525 48076
46566 48123
46665 48140
46757 48173
46833 48216
46872 48261
46900 48336
46967 48411
47042 48434
47070 48495
47083 48569
47178 48622
47238 48709
47301 48793
47353 48826
47368 48862
47382 48891
47452 48897
47486 48976
47511 49062
47569 49116
47663 49211
47734 49275
47760 49360
47835 49386
47903 49424
47940 49508
47946 49549
47996 49610
47998 49667
48074 49737
48085 49743
48096 49791
48123 49833
48157 49920
48191 50009
48192 50073
48201 50106
48269 50199
48341 50298
48436 50350
48489 50374
48526 50459
48597 50512
48603 50527
48638 50622
48734 50672
48787 50679
