1000 2 2 8868902 7 5638880
1 1
34 82
37 83
83 152
98 199
113 282
208 314
244 402
295 404
297 489
322 519
351 529
414 577
430 659
458 673
494 760
523 836
543 857
592 918
637 937
662 1005
720 1070
765 1137
807 1155
901 1213
922 1234
931 1313
943 1339
955 1378
1052 1439
1112 1445
1137 1512
1159 1568
1252 1604
1328 1672
1373 1694
1377 1700
1476 1728
1517 1729
1568 1782
1647 1820
1745 1869
1758 1899
1827 1945
1864 2009
1912 2011
1915 2081
1992 2105
2052 2155
2118 2209
2209 2224
2271 2312
2306 2385
2377 2435
2477 2438
2548 2487
2590 2578
2633 2611
2655 2711
2670 2749
2758 2806
2790 2872
2793 2894
2798 2912
2822 2938
2831 2946
2832 2965
2917 2974
2994 2997
3092 3026
3182 3082
3195 3180
3277 3190
3293 3279
3368 3336
3425 3342
3494 3396
3513 3402
3592 3414
3659 3416
3719 3466
3721 3532
3779 3593
3816 3596
3910 3650
3912 3695
4005 3775
4100 3802
4117 3885
4167 3947
4222 4018
4253 4110
4307 4117
4340 4201
4415 4227
4433 4311
4495 4381
4507 4427
4576 4450
4632 4541
4699 4636
4755 4729
4773 4734
4850 4812
4898 4856
4967 4940
5036 4952
5113 5010
5129 5075
5196 5117
5223 5142
5315 5143
5395 5149
5450 5172
5458 5239
5533 5276
5548 5338
5618 5339
5711 5372
5750 5408
5783 5464
5785 5483
5799 5552
5881 5650
5918 5744
6003 5842
6055 5886
6122 5929
6157 5954
6257 6000
6297 6068
6362 6090
6387 6177
6388 6227
6453 6326
6461 6398
6478 6425
6531 6461
6569 6524
6646 6548
6694 6562
6719 6586
6740 6644
6758 6688
6834 6693
6879 6779
6945 6831
6972 6902
6997 6956
7093 7037
7133 7062
7195 7097
7219 7181
7311 7233
7315 7262
7354 7298
7447 7350
7492 7352
7501 7435
7574 7522
7672 7553
7767 7613
7789 7671
7811 7737
7848 7740
7921 7794
7962 7798
8033 7884
8092 7957
8190 7985
8271 8048
8306 8076
8385 8125
8418 8155
8433 8169
8527 8174
8618 8221
8684 8301
8753 8358
8851 8451
8877 8495
8933 8504
8992 8530
9092 8621
9165 8637
9205 8731
9305 8818
9307 8856
9345 8945
9431 8967
9495 9007
9498 9046
9570 9142
9625 9229
9692 9290
9749 9315
9833 9378
9927 9386
9931 9427
9954 9460
10024 9515
10062 9525
10078 9591
10091 9634
10179 9725
10267 9780
10271 9806
10279 9832
10354 9917
10383 9961
10392 10045
10470 10110
10555 10125
10603 10155
10686 10243
10764 10256
10847 10262
10894 10338
10940 10395
11029 10398
11059 10459
11083 10507
11149 10591
11188 10644
11203 10697
11207 10788
11302 10883
11379 10885
11384 10910
11398 10986
11477 11008
11545 11039
11626 11053
11675 11064
11680 11115
11763 11155
11861 11192
11956 11289
12054 11333
12068 11366
12135 11403
12214 11430
12276 11451
12331 11458
12360 11549
12371 11598
12401 11682
12459 11699
12473 11793
12543 11886
12618 11902
12689 11993
12718 12001
12735 12086
12749 12170
12848 12175
12947 12242
12959 12292
13003 12313
13024 12366
13088 12443
13148 12497
13238 12581
13264 12613
13275 12703
13293 12733
13337 12775
13386 12782
13466 12835
13487 12860
13568 12873
13580 12964
13677 13012
13754 13059
13801 13149
13849 13211
13945 13293
14021 13338
14047 13371
14144 13409
14170 13507
14210 13536
14302 13614
14333 13687
14382 13741
14444 13782
14510 13819
14511 13828
14596 13926
14608 13978
14702 13997
14773 14074
14814 14128
14901 14136
14995 14148
15040 14246
15138 14285
15200 14343
15274 14395
15320 14456
15354 14493
15383 14548
15460 14549
15511 14649
15529 14660
15543 14713
15615 14778
15706 14830
15738 14859
15827 14861
15848 14879
15939 14895
16003 14974
16014 14982
16060 15044
16078 15137
16098 15193
16147 15290
16164 15375
16223 15378
16225 15390
16258 15400
16296 15491
16385 15586
16476 15622
16548 15641
16577 15691
16664 15759
16682 15857
16708 15902
16800 15905
16862 15944
16951 15948
17007 15967
17056 15987
17082 16003
17123 16080
17138 16170
17218 16204
17318 16254
17406 16353
17463 16390
17474 16410
17510 16441
17518 16537
17584 16569
17640 16640
17714 16652
17757 16676
17794 16726
17837 16792
17904 16807
17911 16846
17995 16914
18049 16933
18125 17002
18147 17035
18191 17120
18228 17173
18252 17257
18299 17308
18368 17315
18429 17349
18501 17371
18518 17453
18546 17517
18624 17544
18641 17552
18718 17558
18766 17598
18853 17618
18906 17665
18973 17721
18974 17747
19043 17792
19136 17866
19180 17953
19200 17987
19214 18083
19292 18132
19358 18225
19444 18278
19500 18355
19591 18362
19688 18432
19690 18494
19724 18510
19798 18577
19802 18578
19825 18632
19840 18641
19878 18697
19889 18722
19906 18820
19933 18867
20029 18954
20046 19029
20111 19120
20127 19209
20168 19215
20178 19240
20253 19330
20280 19387
20372 19447
20381 19509
20461 19560
20506 19606
20516 19630
20563 19709
20650 19751
20680 19787
20730 19795
20779 19867
20843 19902
20892 19995
20941 19998
20989 20017
21080 20059
21175 20102
21203 20167
21206 20248
21285 20275
21334 20373
21420 20382
21514 20388
21545 20444
21558 20486
21633 20581
21724 20645
21777 20735
21853 20771
21940 20803
21953 20804
22024 20880
22025 20979
22068 21070
22107 21130
22169 21207
22175 21212
22243 21223
22261 21296
22280 21373
22357 21424
22425 21440
22507 21535
22592 21563
22662 21662
22728 21694
22803 21770
22903 21828
22997 21861
23008 21915
23078 21937
23112 21989
23114 22047
23129 22068
23163 22123
23182 22158
23267 22190
23319 22220
23374 22249
23384 22288
23460 22387
23502 22487
23537 22499
23587 22587
23629 22664
23651 22699
23677 22710
23710 22764
23717 22797
23767 22861
23820 22889
23866 22900
23878 22944
23936 22976
24005 23042
24051 23085
24062 23091
24140 23102
24183 23190
24226 23222
24308 23301
24336 23385
24354 23446
24408 23479
24409 23569
24490 23573
24522 23634
24530 23654
24626 23706
24671 23709
24686 23773
24716 23776
24808 23794
24818 23856
24831 23863
24876 23934
24945 23949
25015 24024
25110 24059
25118 24081
25122 24086
25173 24144
25200 24212
25266 24232
25342 24312
25359 24360
25368 24404
25397 24433
25432 24457
25518 24521
25593 24538
25602 24561
25645 24568
25737 24619
25823 24719
25870 24772
25904 24814
25990 24887
26055 24922
26076 25009
26173 25097
26196 25141
26230 25162
26303 25163
26353 25258
26369 25275
26386 25320
26484 25407
26554 25443
26624 25498
26645 25541
26696 25576
26748 25629
26813 25700
26834 25735
26896 25801
26947 25885
27002 25954
27091 26054
27186 26108
27219 26167
27256 26255
27339 26297
27413 26354
27482 26450
27570 26539
27607 26594
27651 26660
27720 26722
27760 26728
27823 26754
27851 26789
27869 26844
27954 26893
28038 26908
28105 26918
28140 26975
28210 27058
28272 27082
28370 27088
28381 27134
28429 27150
28522 27188
28568 27193
28656 27256
28723 27263
28762 27317
28829 27357
28915 27446
28974 27484
29071 27564
29079 27645
29108 27690
29132 27781
29196 27830
29287 27887
29360 27948
29396 28046
29460 28067
29485 28085
29565 28176
29644 28258
29653 28289
29752 28303
29844 28331
29848 28350
29849 28389
29884 28414
29931 28477
29955 28502
30029 28540
30085 28638
30123 28721
30215 28740
30257 28794
30274 28816
30367 28862
30420 28875
30492 28974
30560 28992
30584 29059
30671 29066
30683 29142
30706 29172
30753 29189
30834 29254
30850 29304
30894 29329
30935 29419
30986 29427
31002 29432
31087 29444
31095 29528
31158 29554
31241 29576
31268 29660
31304 29746
31339 29774
31423 29820
31430 29821
31500 29826
31553 29859
31555 29893
31566 29941
31648 30012
31692 30083
31761 30095
31810 30186
31881 30278
31977 30317
32046 30409
32146 30423
32150 30438
32198 30533
32264 30570
32309 30603
32321 30610
32339 30663
32383 30726
32390 30756
32484 30792
32557 30867
32610 30950
32677 30985
32696 31065
32780 31133
32826 31204
32923 31245
32955 31317
32994 31339
33081 31423
33136 31479
33147 31507
33184 31547
33192 31645
33224 31728
33238 31731
33239 31797
33290 31829
33363 31911
33444 31941
33493 32023
33558 32040
33592 32088
33677 32163
33711 32244
33767 32256
33794 32300
33867 32395
33933 32458
33941 32494
33988 32544
34059 32637
34094 32670
34099 32697
34113 32783
34177 32802
34228 32854
34272 32915
34274 32988
34321 33087
34326 33169
34331 33170
34369 33260
34466 33315
34495 33341
34532 33390
34535 33461
34577 33501
34616 33564
34659 33655
34668 33737
34682 33815
34777 33904
34865 33929
34871 33951
34908 34015
34948 34080
34998 34118
35043 34155
35102 34202
35150 34233
35172 34294
35248 34389
35339 34408
35346 34433
35367 34465
35456 34487
35485 34525
35557 34579
35592 34586
35663 34590
35737 34603
35817 34685
35913 34688
35970 34743
36055 34838
36130 34859
36146 34931
36180 34965
36191 35009
36210 35051
36282 35087
36360 35176
36441 35253
36511 35271
36586 35279
36595 35285
36615 35333
36668 35409
36686 35450
36698 35483
36753 35549
36809 35644
36825 35687
36842 35705
36857 35794
36948 35828
36997 35880
37083 35915
37100 35967
37156 35990
37180 35991
37257 36002
37299 36079
37317 36142
37398 36169
37477 36234
37534 36322
37561 36337
37575 36381
37631 36457
37703 36476
37744 36525
37805 36526
37890 36567
37970 36619
38047 36660
38105 36700
38187 36774
38204 36843
38208 36849
38235 36862
38331 36881
38354 36973
38399 37002
38455 37070
38555 37113
38616 37151
38643 37199
38688 37266
38711 37293
38730 37385
38816 37415
38891 37463
38904 37546
38947 37607
39044 37637
39058 37680
39094 37736
39108 37800
39188 37876
39222 37945
39269 37949
39283 38037
39290 38108
39340 38202
39357 38257
39402 38303
39453 38346
39542 38370
39571 38436
39598 38480
39669 38507
39730 38604
39774 38697
39776 38728
39781 38808
39840 38870
39922 38954
39940 39009
40024 39034
40059 39086
40142 39099
40144 39119
40207 39204
40240 39270
40242 39324
40276 39404
40324 39429
40402 39487
40441 39506
40513 39507
40587 39558
40681 39649
40685 39673
40693 39736
40729 39769
40741 39866
40790 39964
40840 40003
40854 40029
40921 40080
40955 40128
41039 40149
41068 40196
41152 40204
41237 40254
41336 40319
41435 40392
41474 40438
41496 40533
41575 40621
41600 40655
41684 40686
41740 40735
41799 40826
41830 40847
41904 40860
41920 40868
42010 40876
42062 40973
42102 41034
42134 41071
42157 41083
42226 41107
42299 41188
42323 41192
42375 41228
42401 41240
42476 41267
42519 41277
42536 41374
42576 41388
42593 41483
42618 41510
42623 41538
42716 41610
42782 41678
42851 41682
42853 41773
42859 41822
42958 41845
43024 41910
43078 41973
43094 42051
43118 42113
43189 42135
43224 42151
43291 42246
43366 42338
43375 42411
43378 42506
43384 42597
43437 42676
43445 42724
43509 42802
43576 42822
43672 42864
43710 42943
43737 43041
43816 43118
43830 43181
43834 43234
43889 43262
43951 43301
43999 43339
44016 43432
44114 43461
44160 43492
44186 43573
44235 43651
44282 43746
44373 43823
44390 43844
44422 43900
44472 43991
44532 44075
44602 44142
44672 44149
44701 44221
44734 44224
44805 44316
44859 44321
44917 44330
44928 44332
44969 44430
45003 44494
45036 44551
45119 44552
45207 44591
45287 44610
45339 44685
45421 44704
45444 44758
45448 44857
45453 44950
45484 44963
45554 44982
45595 45004
45639 45047
45673 45100
45725 45137
45751 45208
45812 45247
45897 45338
45975 45386
46045 45424
46115 45469
46181 45484
46207 45485
46296 45512
46348 45577
46373 45595
46385 45608
46432 45618
46501 45657
46599 45719
46602 45800
46631 45814
46641 45867
46708 45962
46760 45965
46850 46051
46907 46097
46929 46111
46958 46118
46988 46212
47081 46268
47131 46343
47159 46390
47252 46420
47318 46447
47333 46505
47375 46546
47386 46562
47485 46566
47533 46636
47610 46672
47671 46709
47679 46757
47700 46847
47714 46892
47734 46895
47802 46899
47878 46984
47890 47008
47977 47062
48017 47086
48083 47155
48126 47229
48189 47283
48268 47334
48290 47358
48323 47457
48399 47463
48498 47558
48553 47619
48584 47667
48630 47712
48701 47803
48715 47826
48785 47893
48832 47974
48882 48004
48939 48006
49015 48065
49107 48084
49108 48111
49180 48128
49271 48152
49351 48227
49376 48266
49422 48280
49428 48339
49521 48352
49529 48420
49555 48519
